id,predicted
771986218856585018,144.35696245606974
855276028675941785,138.6667309682871
48537824,345.22383865350537
41867473,86.27884210494068
28361473,77.05891176746965
51911862,71.66933465556389
579514121718775234,86.18426297524208
46242944,41.62474182233833
5571262,108.90244721850803
594937541144766707,122.0881727792583
772410051557583562,140.30831983892773
13165625,81.9992679955493
29191606,118.91411899708805
32381296,950.7683889669469
50451083,155.88700684183647
51565135,159.55239104143905
47176352,72.44320398169833
924507573112993030,78.78931852757232
45653951,150.86815869232277
26795754,71.98872496839284
42035578,55.36486917812316
49742536,127.63892036324573
48932073,138.12585544990597
15904833,120.52364135879343
759540854095218350,121.06706552291506
29885798,209.2264255224572
655444310450112562,323.13335332901033
11527162,66.53106661486336
18735326,148.73305922099263
606007670793701048,191.05027877416774
708158288853624106,134.13463132128103
50916184,49.2281858736401
34123559,89.75308748969661
878232910021909634,147.47799181984402
13713501,261.1566717308208
1045611315361653973,84.30418806473904
4786970,95.40651409379059
1040046224591059552,153.49838574106653
625570783481237881,108.45381148556285
891944139791116055,157.2808631748775
913238009886085860,133.47902122985914
624681474626483986,87.02255335864946
1025595756963913869,123.66981335853997
1019699872597353112,100.85669124504558
946597500033368541,213.04818816615546
783814426160610465,147.3205998583814
32310664,119.52347702057321
45969134,61.9929209467731
48298759,95.22934759158558
907444313104296580,70.8923930619141
913488299577282168,154.6719094086448
25983351,51.775252129753184
42757930,107.38972339925817
23593143,108.9087932565931
1018154571022385019,151.47488228648223
10452642,146.59198025768987
36565054,52.53930048423346
47550424,32.59738596199759
1042144127573276803,100.39769124756066
29371285,102.85355933773434
943347912568510519,116.69012223516538
708592673192277334,48.94376534971709
942678366214497471,377.55561973191266
1003572135121639067,241.51074316901634
40503637,99.22948580627063
861557032662493033,35.66973836912857
30365762,182.34480848003258
596243441049701289,126.04466899938726
973015093684752148,50.01607785417989
14611960,110.34614790098635
29662041,209.727206698532
25186495,133.03852729517718
905053285239944388,56.3956052094182
942730506191523278,171.20564894664292
33050698,193.44417536929706
7264941,74.25293513399612
625383288503383423,261.03220278444155
53259432,63.04626849295961
36200479,1029.4549916977194
704850714810349123,131.82322485220703
35212437,427.62524677090306
681583286742312868,175.23419759500615
9452418,173.06829697310008
898543788176777504,542.1986441580417
598593646502067447,186.22302640914228
837119558217187857,69.56443363434761
28918274,103.08199251330717
29882478,87.71401195358199
52769811,111.00710140678557
798650448567800336,91.35578144073696
16001987,123.81136301970184
628333148081881406,56.366846874310866
53219652,72.70966583640805
37056001,149.7075834831171
34866772,85.88226981280047
1030421287623088909,121.3918634873961
640458573079696683,213.54413350722234
1015316304467261640,101.30828103396327
1029835970327715813,143.1794134223273
801016598307794273,77.51254109023019
20036818,324.3037502999347
51278295,134.82132091654364
1041987596606321733,37.080601209221385
761210794049257321,36.797561718648645
34336556,147.32278447456798
731642022392703093,118.0024431464872
39063399,110.12189320602859
46605764,115.74584263023581
842879825929468984,150.38573157874114
771844577366428421,121.89793500740889
974812916944535155,488.75216725147055
15496152,67.9380767161355
54257069,88.23338908010004
46050508,666.3640905291671
901343780160267535,42.25855140733787
30755892,218.05668797419665
905028588145465694,130.40448148552701
941941413832717205,45.25760458606637
4632510,98.17888342409783
15146320,138.50115269988478
32383305,110.20551152140563
633979824372105275,257.88253499475064
37319985,170.79571963621555
38666661,31.823082192680666
563905511049433753,164.29265611075252
970978356701016487,177.69730702319686
47876359,269.33750110407766
51282944,133.13401626541088
1773025,382.6623351853808
1008667703806508314,143.3826745840112
15643384,136.71740775121992
788314640784579135,117.02940713035403
941402422107856795,155.9393210737289
1013220338414064788,123.7126432617043
843717931038778177,115.55596903580654
20379610,143.9925946411039
54388333,83.43982176935161
51171620,113.04470793989609
44451347,179.78964355084273
35496535,131.297665800107
36236084,124.73872271936403
42351786,101.32723016654218
944178460766303499,107.72056846376977
934933485389529065,397.6955319069427
973692467290595787,152.50313022961802
32125479,615.7875661270486
13493868,224.37041773439213
28916065,497.09685836874075
19136596,130.42537038647205
913148870475206987,101.94506756053957
50445562,101.53210869906295
956816623768702059,77.20969579164915
1015934281620106048,62.18747019137848
38351431,262.0826933171695
690610089141214620,200.95967806192618
609209800383175853,109.17012367314058
41884825,246.26143868886945
796866365414874330,156.66048649680442
15342084,145.2437981377094
22833440,120.68975787063285
45259783,103.56769362952821
30755675,97.55676873221479
9995220,159.81170721762768
8689532,39.76448584216095
633224373642797274,119.56556691351165
1024876259211895805,130.13244609449958
797853748914370184,204.96503802415984
6153674,169.27356196098242
869568105657919141,111.21065049243103
714670954953850372,168.54402715744618
15420226,35.765154326723284
921763876195386148,115.68414563278884
949197283155584669,369.7559464239591
864625659027256128,161.73775062487542
927675113233611935,27.66086176704947
51129231,97.14530178818394
20306736,252.4095398336422
808067261823221295,364.01479851427814
29216241,192.67850723725715
20647880,50.1144588543047
20901369,96.5644013103179
51565391,147.18627952958826
2715815,33.25413966252115
16630783,162.43220529627283
766407914695263401,42.43931211260413
8936446,297.35858432010633
9059696,377.0248358055102
598554885297228070,191.82554834939074
51710533,61.496430523737715
38777674,147.5181024404315
52504381,33.99874356497923
15149053,82.16824603756737
48828799,189.20265377387804
47859074,64.63295634610598
46838034,130.09018468606294
863182382072254344,271.3372123526564
42933476,98.22393823604365
783954262708483730,219.76037749797234
847586523954020563,161.34372713408996
826202255500238246,129.9834411851039
989056018583736661,78.4170499082253
589382549297392515,94.61541802588367
30819025,49.130628448795775
650109685913019875,150.2610172584118
1000150966265954965,27.269854195341413
852321564017044286,208.10581276692506
577343244199118396,52.92948395193776
590053326572153417,468.34160845854524
48397983,56.20294386485618
33249303,173.79385285709614
776945115349426724,110.39534748067665
573756151103517447,159.51750611558697
49630536,101.52993893967096
4567558,203.90962013137718
596433327817896999,124.31063386385446
44114462,147.20809848862808
592038400483879353,164.37227480711002
772022859463803798,43.69897283657272
47856464,310.1050364346745
943776082540605608,247.7593508954496
980667439650670827,26.99530693911998
1039275189973130378,145.06985679478325
686257336261313605,26.563500606394918
53362605,153.60624904510595
40471451,479.7153451625218
750021824599680179,127.54363082004303
51211027,171.0156370757036
49054417,76.72461862653448
671842529766765883,176.0551320128159
8339990,108.92403553524487
622991262269659235,121.41736814125662
48996714,106.6338290449937
724223525430911641,90.59028361781243
1041569642798467379,74.12195857752457
5996942,90.40169605263036
952952103794454598,187.73869184077597
963234142691678558,227.1185515762812
1010761178995132588,136.39438196947714
34624805,78.48812368677538
705809815162105610,258.4214400678543
681061353526691240,39.152609539991246
839771592578457127,134.67509669056136
25015520,203.5763464624568
886768668260097617,33.35114141627065
6588681,178.1347234124943
5576190,223.27439519741648
950990241592182914,111.44211064835457
11637237,70.61515588105095
10011290,71.98998466935792
13080765,244.02058854267906
788314790952481922,34.23986457862826
911734847579805689,32.92509197976074
29704782,47.896426915956894
48303337,62.39702154124054
747368338986412029,147.80734940547555
913491043028812762,174.52397872494805
34234154,466.4002540424798
6480445,71.91674743415832
698517827027747429,79.80882345516316
955755972868671679,76.22396468441823
766056605942339033,169.9662969887068
12808357,39.116475416583384
666379981037289377,45.51537405663062
918849173765688151,41.440482285750065
40029774,102.34938873654153
969758538486712653,57.28242622152701
44213162,128.52376834150596
822415499615430328,39.44195203509798
46491381,94.05335348460179
863818946174641950,203.87043594743727
189821,40.73465143979722
585011124183031146,133.7946271091661
29942397,108.21240166623494
631298805350651005,31.8070447823389
626649448938992993,249.94603978302385
914640347991209691,116.04369929957872
29901389,97.69395894527362
788122493114685764,41.08722191391677
958269594776724726,159.9916988973301
741160821559207298,124.65450690060307
642666613739755218,163.9253655324617
50541693,109.91408074461894
690442967819123757,47.61596951437647
940054325461189267,634.7193478375394
39001720,41.79333636876931
735349052958486160,197.37918836295066
48867559,183.3345150653573
24010772,184.15934382564998
777399024172389904,160.98855104469666
41838499,35.90490574801552
988078340778946232,98.71038876862886
880704451494884298,33.52694973913783
27371590,143.14874044295306
849355136099814004,731.6332609634449
981060997946247979,122.70769531008196
1043811107091851459,98.88061346383813
684932910580123091,40.55853348157767
700070970544464062,264.0750932591075
1032061499889156917,132.88548139698887
944870414494658247,257.94029750768226
708160801959368019,212.33948943333428
49987984,70.52040738083745
50694553,36.61022210266297
942304346230048564,104.50532733929276
553581365180156979,322.2615167277383
3742513,137.78507955102222
956672625557840126,252.07524184682026
28564489,154.20951104449804
53752029,349.4018415516591
753141329387878879,42.44714938986222
562446127031517265,133.90783457433378
964634328711746716,45.34523784283307
981840798797105880,178.9031669518565
18326185,100.15005244958556
36109646,63.30365319586438
1025229276336863820,66.10078008621998
659645330677965914,81.40050280867479
3031898,37.276211537273035
1045650409760380671,204.7495971873686
11732807,29.93650291081277
48734023,223.09541252678176
877561641890997681,149.1493769730305
31211340,48.37928529684433
48698760,110.65208481482402
773277395382707715,35.80163605295055
618897106959096504,50.03396168125525
1007508248496116741,43.380787782380565
734907252307506510,32.3998598977405
780431576971958994,115.93624843664097
1042780151260089532,188.2485567509249
1018166872980774928,123.0949242566825
857919831773530996,278.67819308015817
730336781431482164,63.79427859301598
34147220,220.2114951713908
1010988814363994108,246.75014870119801
602754169654728697,217.07180794949755
924182023203042196,94.87378020596717
25192243,60.451125726593425
25861262,76.07810399949464
26713916,58.41367896011185
33363106,55.023619809367176
17382991,125.01348168517704
829013445773562476,161.80738781409812
980633130019975644,89.39363485391166
734871188071815020,758.1357398797327
887038,148.1164266202049
46282113,157.7506081833389
37530463,84.13427947059651
25064515,102.89300316686983
40778302,45.517601486471264
7360731,46.888749637633815
28152683,60.68616496171447
1025226558564994312,46.27302554172601
732739952276429247,1034.8683952424144
6967492,262.70307120960337
49567370,41.59028901490339
21488226,95.45212912003922
968393021603989682,83.70167455473012
961641139749236996,77.51070129586684
635479365765547530,53.545018767614586
741424724923405398,100.7853527751046
999244011470337820,109.26567978437667
689867740143166157,166.99897146486072
6713251,717.6927926637093
39653366,70.3483867176505
771833143252848397,198.73201763754912
7370245,79.32971830669445
21721261,90.32266889710591
1044584201079194361,172.25865970487249
30396840,133.1184638683566
31777552,153.24235523998198
38540686,103.55851057529391
13488091,106.3018265713718
1034988224932460622,79.96741538882452
955758877506155462,90.80892920548895
881193787409698766,109.67380784282858
598752068768412083,156.00859335531823
19263774,275.75915442081697
19044554,137.2009905825994
794269127115279841,64.38511463667045
49595463,87.40551135942479
45424624,303.9293180608012
53850904,88.9088056178971
52773402,73.67055640577867
960805856612466110,147.2935105149053
51561068,22.9946125181388
35060034,68.77289846903875
593437605186569908,193.4045650821429
798671296196848380,145.6405747929574
39105279,292.4340107906028
25232674,89.36345650016115
944124311890821852,38.4893245247428
38090415,32.08562779409782
12334385,111.20089701134255
51212716,131.15592200049386
994928615611861689,143.90993981120067
26991799,169.4068913789545
22986604,433.2938832874502
888412962571500107,127.11638121261174
828348415319716243,205.7940385787615
8953380,184.91457181831262
983924810658999469,92.56433358466157
1024029262532076885,164.3982863374225
954290865421457015,546.906993414275
52042542,46.246289999542434
32574547,981.8852826858822
1026037885697614966,119.81553611271838
937976100420791943,55.324998989960605
582921667905672246,132.1749684987459
24621194,105.539514838649
616567793942868854,329.05188217090205
45485389,78.33329794041619
15010784,133.5348718721263
53512325,208.7000200963557
891573703440476424,151.16713612462064
52664768,180.51674673146897
52258014,226.63493104437242
847106845472806533,63.033546685165376
553577689124206856,95.83039473127567
789107511854277110,203.67446447016937
605851944584220485,185.77014981411446
50677599,74.48578942107201
852122705716607411,86.96136704170704
670900286282546556,63.492820035180856
22827281,122.79547627391567
6863046,28.940139926522658
661335305594513869,105.93750805372183
1554433,54.33066019125663
810116683673617220,109.19494147822087
674784129156953603,202.72427597655945
25500677,155.87964611599074
998028914985819143,142.48901096995792
670218806951999111,43.91411199173085
876460369207261687,221.64160005627815
665311523470413415,43.50492117579636
658495131439257543,140.6769983370879
656605955477815592,79.31631224003968
992815722104236376,83.74782820261174
20947233,148.5887966828505
37571365,382.25154638960777
44472905,86.95621385660014
900273084979590877,107.40279246554272
1029791244448107002,42.72097340834322
811619871047184595,114.34530651614274
696706842032512933,188.8102982334511
16488400,94.20542203794486
820176901733083319,184.84872204390805
1023476062666668385,39.65088679006493
686140374204720785,99.69055078837667
12268349,389.93880096603687
16716143,34.50498545257245
48611473,140.60941970649685
34224437,123.43658366890001
24486718,68.65059689554309
945890649892355399,125.2288655866218
923800192536268149,157.44830351119097
1018741655417489265,346.00385219130084
897365153497672853,30.493336424472705
20012365,130.5704921785129
47548236,65.3569674882031
964704660496876780,81.72760427410584
626192524373148468,127.2222285074699
945257250578508889,35.05671853716917
905054343642234688,27.152031692141534
908819647156393784,187.44095165540074
29120761,99.55775032205142
981184299272982924,168.11052155730485
34322512,127.65694356533258
15771536,138.56393464168784
42348297,157.89960457320743
975300414159639624,99.47689165759621
8098937,97.60655483038622
23683187,264.1539462560124
41300438,110.44212034689215
732705786053843671,33.95039710935966
45368483,120.6632134914536
4730797,61.068793820893944
43414161,100.37926365394127
52055960,89.15290014524473
53166491,138.9539891345571
52024254,150.43161833363948
17831075,357.52950811133235
48000856,124.53281272929343
584857119580835117,243.248544784825
12448898,273.32040623284195
51731514,180.1793961427901
50266751,60.94890375931862
15744964,36.99218442745971
828949232132275695,77.00625076650725
38131074,254.49672757684536
889709939292535845,71.99497195355644
34945605,125.4374537029138
723922163282003817,52.025378486674356
907264543028348019,101.10356006531364
699927757518228053,137.9837915892717
52259311,286.1579150537192
980390613058121976,102.77215752597239
661504248157471561,173.07186605436658
21860008,49.103430905580474
1461451,175.57435457543474
34622778,107.48590566108483
46416869,131.7447798463342
776720213781738532,48.604356683670524
828417860340180137,51.16588194497665
832706625613090818,50.32570023739707
7989457,88.9791109018666
48954867,38.641311099021685
21605962,205.5925893957631
572578787799525153,78.96906552111503
53496895,67.16125020411792
1020262502081612519,74.31870276081115
566652703587145255,59.34147223187006
961754026796702594,137.02403899786475
44206651,393.03368233692686
625417903668863470,109.36108292702663
943381465426587760,238.447564227115
1041270584676550690,143.64263617944744
34714722,119.18596212640435
1025227627061614781,129.55331585469202
739569334747580912,157.63082500529453
1040706816086135061,142.65384617885647
51911290,153.5672255141127
36808735,104.13547293023596
560414690961861324,234.25617443353698
860195499625473435,145.08750465006906
25920781,50.84777188511533
46485586,104.13520573919325
781066042735737365,213.04818816615546
48279983,119.38505795911968
8273701,199.82218598207416
46467879,182.7783307564203
623938250370006905,69.78579040532303
27308270,73.00423329449283
792540789158442641,58.517344979887504
36235560,199.68592090566088
752378098361825648,209.50311085606216
1014040432439844931,544.0275821200611
615050908520321131,49.14411280233775
47334435,141.5136386927491
42234877,184.12040306197707
15216905,122.30557735642972
42951790,42.554353349508546
881758482387105946,128.40618356967224
41805167,130.2264043424859
24239083,188.43960664574686
916519697215774767,148.24161150450166
853610740524849113,71.1349807762649
906087590871201823,197.26282091906467
29105419,234.74349082885692
48247709,93.18472987334555
878893471211139160,131.84310632076154
40313771,69.98942484081958
34534440,108.6439096549965
1025226455798582194,31.464506624966898
27638781,1071.4844110754693
48228569,97.3580087104897
1018353693969649241,101.6185812252789
890847054052509727,64.97330372353296
36772591,64.23021723224328
671643238802933996,52.33220894279737
41046519,1326.4613242914522
919702078476103189,154.03823731342885
1007561701884511617,204.2363643950239
774617913244848660,153.02625204703304
887921198436915424,112.95588631876565
51450597,165.02895411487424
956631172832530257,82.5366726498651
33167326,67.45478577022423
742048096050574739,132.62991949052739
46920402,124.65952601075891
36351917,43.85706250770177
35945631,129.81524098642893
1008638181580908632,643.9032913625725
48117413,153.96186520975036
23503260,55.99764969313019
37273935,168.1610371378465
836782194065722277,97.47933605918918
666383478748660035,63.30242027500455
985833082129999886,310.1985693019272
633527473532501775,93.67821967147917
11476089,118.36009590141923
32815441,211.87818734190512
797862274646922471,106.39163679326509
649144703975839833,135.69849809912955
51576154,568.5526866117141
994345469759156062,148.07514414210758
822721953820296954,104.41946854223995
40201619,52.623670003155944
50566631,25.186028784588466
1008174352776184681,65.43658812271283
51288746,153.07666336935446
38209026,80.04833828624662
20181953,134.60664779706417
681809013516648501,114.98620832566124
644730501256968407,176.9310203733813
966148804844532645,27.42098561736254
34932141,122.63465690258917
50872121,167.36774583983316
13373997,64.5856795209376
777508171927458329,44.50505691519167
25544119,101.74500416557689
950973449803323914,276.24523117164694
22397026,168.8996388938094
31153452,525.8493581263859
52918623,140.25728164269051
929855277897269664,155.91255169028233
29052611,146.9015835165164
852125358762297329,100.59379093628915
40419469,97.93570798796262
772022042817683681,77.70083233190795
34139061,111.67085811720378
52482841,361.2056356877947
1018365452740584264,140.66803790903333
684604265718052829,38.6873814607417
865887464040028165,115.67857405267272
22770779,127.77291034741499
963852294439050219,146.00191848760736
719806785283511982,105.38124777575968
52766193,41.22305058994714
878900448062152565,192.66347752333292
14085322,17.39933407429413
711763282583895447,334.884737854826
31878221,161.01628200961682
41391974,264.95489427590866
18687892,50.2927300850558
801745070603806661,236.80982751731642
52335832,114.44379560032445
19454398,178.99329286790166
923715367942289335,114.21410272334286
597783098841871439,24.64745917386263
25185506,244.39412934632506
49733748,144.4825455755413
7389646,105.16607301540235
885787589188904753,111.71023461845132
44566777,122.89355202569412
799471731585031367,69.9065101460011
887649526029206718,154.27937487379634
715787546779520102,111.97636960592082
23076088,131.7812096579819
31195091,83.18934844752937
24916674,121.95224728903337
19672865,180.51898333124294
913490551529941414,66.44662291142996
54161339,23.483559187038434
565300855768089978,375.3069799393462
1004656251550510241,258.14672037075127
622240098360474687,92.36231976659535
53542223,29.28355360531069
716540562912475512,402.58022487392094
18509024,26.08621987952794
12543743,402.93634519887195
736114549971355224,42.73676825922594
563896050920155721,132.0471781996446
28864302,386.3683646304617
803574809376297306,102.65262321367234
48712064,178.2835471852829
681230186812530893,237.3574296410555
913494105384201572,35.85208436773651
975407160632841105,478.1072052696174
1008704699233067772,418.7784596285756
551711882028335239,135.43798800655105
32727041,112.0405057432388
657448466403761651,246.14668049966434
27130424,155.22711648072075
902377066235617518,101.33036376009314
726376,36.69077894975081
839257941538453058,172.23401623607543
5537682,116.45158365751193
51550386,96.6724177259501
638008650510485051,305.926896712898
822352861278654749,104.48476382658339
34648201,130.40364330852677
959571337675133653,98.82058803956554
882058405823900831,123.28489112620825
880499721311631615,40.65718228403326
997153716346871520,95.45719984884327
910074028570655881,117.32407403793415
924185749123262270,110.71583027783987
700756881572123144,213.78072714904417
841470846225476229,109.61803235690728
42395595,138.47257645120425
817297809049315206,128.31186496866434
929757275013057995,32.05195548871437
4243309,136.76684314360426
54085255,119.69151517554803
719584785791207318,218.71922682388347
48864066,94.9524158425122
588227833007637037,169.46616061334896
727272726697238593,127.76278106418496
762806009449187953,235.35840246613114
640034142960477648,120.13212047552597
47891360,154.14189130495367
35420803,79.7684624858846
785519807822092302,123.99797991980714
20076199,32.42537012831483
588450321411010228,91.64409504484621
48466374,97.5355990495805
52208087,459.7479236793683
26428768,34.37750976220451
50269122,302.6622117860835
6488146,143.69709813832065
734712505340095433,446.40339800513857
53470256,151.0333866717947
20650575,243.07914788774934
1019723531349626080,65.1760600894732
46641653,104.72865350960491
35730130,96.87051889531585
829027478161126941,521.7381001441064
19246946,59.28794526849065
52887284,153.04091829314902
956005013785068867,160.75716136446445
979117187791196537,27.205365068295805
714642874961353638,156.76716219819724
681808293678686182,884.4634011691551
755156525556610744,97.20431553559521
54084736,109.04701619609368
545013252462058619,190.33011911178704
43486597,103.46347104622797
567390850413961918,42.82042323028305
621236315653474714,110.82864995721685
1026029923078247358,76.45568890944794
48905513,200.3356097622729
716537890901266345,61.77635869707882
616554271606503988,181.11732400170985
852281857030792139,208.100240497688
25512227,119.86205201046275
700062925425980212,40.702534417706964
45812538,76.21238426589827
36552703,319.2085696169808
21696464,54.95416054963727
983937828106440192,73.12743020473195
801311867487505571,134.63464865224412
658174043006808192,37.46022075927931
53068386,149.58445814465574
932495128014073257,84.17344258365073
5185790,74.61881509582648
52724296,59.819852451341774
586496040912040422,74.4365046275677
953506407405521475,149.32589784270363
913490280814138760,193.09252579842865
765378899319829745,95.9570056541681
15758556,284.04599839361725
562897397791963697,74.70413577480838
649123544321953802,120.47961549416753
983835569734671399,134.17364884931123
41756368,87.71609344516492
589023708936836881,98.23112018543482
797366668806692109,83.94019194848256
34043080,172.2691565085335
626317274744748780,403.5524824205711
952804942141788136,1578.703802072121
619441009319934273,121.818317410055
24865372,116.4997685632732
43500660,171.04597246479705
42920816,51.1816137456763
832769814566740250,73.4662332689408
599855118803818815,92.044199280908785
52961447,162.9578301146471
36236409,41.39777675463704
32048272,129.98185846015937
13077320,581.2498138996707
25233798,106.16407742271561
49255953,288.9236013489196
1045744571192116871,77.72317139220962
25808833,116.54807250294435
958176890537691747,32.330282287057926
41535491,52.69635910321414
44135080,40.754652613256795
40619449,85.55402738280148
35926772,170.54966588096906
3267902,455.1777801042311
849944759841980781,111.50319421006603
952364778612506804,125.90442286549784
36942741,136.0389694732009
975402333254169819,45.65462941386943
1043747209962265051,160.8389699851907
747702333999717077,146.26305514643224
603028268207775071,125.19173804413207
38909140,266.56808372260656
14197548,70.82809851703703
22752271,169.10252029352324
823105217263467524,66.99855115622242
49588636,159.51319075099153
811537270467013788,41.11563620145247
944098429214367005,279.1148342480278
52112335,210.66539293444578
630486532402180668,32.09805891680051
15011149,57.63536054589532
932544758349186381,124.78985657990533
854370910509250602,107.65993963072758
970364880152686433,223.1586878273674
968319771367582441,80.21521334274657
54110494,75.34725971798846
27489795,26.112745706720794
54341408,133.22551324483456
756561516409346975,96.81500889770497
37866160,45.08681666558509
828372613145965893,114.61157184119926
6528967,206.68968314297737
43898901,89.21407397983862
40060795,73.57322085550399
51781759,124.5974378107406
49633033,167.4593154369347
51212734,49.90017935626254
48135056,169.24504137609625
37371164,89.69123428378897
781186064034113431,202.69296303596056
6897078,59.8694767023498
592815021305952457,248.33830405844697
617250533931743110,118.74562318660284
27890313,153.88613017000063
670960177752658643,85.18578832439692
39075656,131.86147699276546
18345065,140.70253044025367
53495484,110.02119452117483
1039862399623862098,121.58462317735545
840681511842586631,67.74568875671427
41838755,68.61975399245814
782676831204335694,99.06211287733107
626654914661354275,113.97757316901516
680827244361813788,244.55366793931086
19944137,132.3600143102257
651434453197526155,238.50946928656606
730492477503214237,124.53969786566591
42035694,41.05155928409337
41568632,120.82691769885544
38130834,54.347691524397256
22598312,41.803294488426886
908770008164516239,168.50398030908784
44113617,145.30594278694107
807233671529659173,106.5521943323828
39109174,131.19507447462567
31302521,133.6181285487705
567375435524176861,95.14713159012842
24631833,77.10567976625323
642212147234433335,28.886091359749642
17832768,377.22400097434945
630198447928377749,51.52856646422869
1046755599184326242,102.70811752909628
35578101,77.26933097897006
846322108740273703,281.71198375657934
26234572,53.1707990215421
3308694,95.45737750545817
36885584,102.20229343002998
39505693,333.0958146162588
18077204,86.05284029036032
51241143,374.18149229431447
45485313,270.66206623839616
50282484,152.0321779759768
53023403,154.45800048946788
47747730,232.9642015098819
629751313472153815,123.23358774802547
548606308523478659,76.78925335698472
648762220097229568,204.69044965154455
751784070006845521,98.52356779710703
941231194429802379,37.07527384191064
21553035,150.99882535059635
33152596,127.54215081779574
37942661,205.64951026648515
815573290694940646,392.06317483236774
1044362563524481433,89.45769556839332
566152136948098264,153.7788268960043
673989649924745489,184.78273659279208
54096491,167.0966418150904
615850055810564857,170.38964622207135
966091694416552616,32.01503071863406
26755973,314.22564461340284
591540741409328129,126.0517836277985
10100747,26.178722132256638
6065318,155.37868163325885
5537683,145.3039036408151
1036307546100129811,149.3841783568091
746618158006531618,116.34607652720433
32668765,109.70236557087676
40491141,24.301272763623007
904376450165385857,142.18113401071614
667948957684071177,120.27798072853766
1041994120347570469,198.00734986772008
48013791,60.563197730960894
910867963712347553,90.05775516518526
963331552973443674,38.70895217098054
673288547514515284,128.0991814414408
53493119,41.16983502207154
46491411,591.2459167959278
44126335,50.10346406592794
36063019,124.40105130114941
1014540838979118234,117.59737146884034
800776422945758213,38.22787228641102
614652820447520785,122.8647810539129
823043786042430135,998.1553271958643
972041880181560435,84.59574368527022
53630165,47.21565242479255
909368643202014994,55.22056319060532
744883162640629081,107.7957851731651
45864331,228.0393482598833
740616928303631888,149.2620350610587
830040658371944820,177.92958336705993
685645347475225424,215.76065721929442
968251565242963868,190.20116898439056
43877038,92.56287279203478
672611306442525889,25.971409140359114
10997225,144.1713341265344
46082311,311.0546529508445
943350688537048414,82.72450567793808
805305533860390099,126.19508999468343
17070047,121.77646972970787
562194332010521798,130.19177839039142
886675068129002686,170.22055635825797
843521883755311534,121.18891176487259
53227524,157.3349775116526
730295621370147216,150.20304633424234
2384,219.24718246882782
22389768,52.715719613958214
848823504564754000,102.34938873654153
983146226004493660,129.33160306372352
52359153,43.341036981165225
923305712535273081,426.6014327955386
903473539615805279,249.10474480785388
552850284035328504,95.94847726390516
53479347,103.95522134224058
905062144960239366,148.55929455209375
700219220847904319,268.23519375047306
726517017209207196,50.27395094744252
843403466060629096,42.720881593503925
22398218,211.43519311641418
51028464,208.03266415888336
793494058458745362,163.1636804232913
912969167160250468,191.4354369255914
48198799,112.7913105749527
673953255538696495,51.389294305323915
41886216,24.294748034671606
655103076511739888,547.1349529621428
38099565,128.264632687134
826909411087389923,61.949752162613336
871295168030647381,102.11815237993217
695563674739894647,79.04326242162603
46295164,55.65622865175759
714608964612479813,98.4597338414557
2103986,79.81306505459104
19424810,162.5677772877129
6993421,122.79544003220792
51118058,100.52540730415336
649974943915158739,81.18082390757203
974728683184468629,214.28946389594026
27130224,170.9410199675398
899292016907591427,102.97369064987733
23488460,45.628529438563234
48279927,487.4077506013602
968798652440071530,218.9796707735046
48630044,98.0778208640089
666873841870678265,115.93228204639483
740404553369590115,45.14335904064676
54116435,136.26181826520832
12684163,209.7576934855169
29927726,119.8801376510569
53591341,36.227397589005946
38675378,67.77061261335396
649465473392034507,160.11438530346038
671242258064723986,54.36940755079926
50031902,127.74669211465086
25786977,238.3530510264155
812497751740798714,123.96469021494677
54338089,159.37342615002964
761071522423068825,182.51405983950917
564685429164324108,62.20792553587162
942720674458276901,117.3768229651115
13972956,141.35982013853675
207218,61.09970530443239
38746916,145.42845464346175
948385533066604943,168.96588053035958
23122592,77.19506673272517
16052779,269.43681963382136
999990253135420490,64.92910340421733
49241812,142.18121063873545
828374129360312840,134.0070777214969
1021326896577423341,27.501264864780598
43358309,147.02622578665725
51463554,47.05592088285631
889292910009850488,153.26154015563446
50870812,129.2940944269622
592061416301227776,65.384876940596
942826554375091343,48.08624295933682
1025227677352430422,155.7646561205087
832522640524232781,38.635155368961136
42076047,134.5904152043322
752845581184221318,69.68910169366771
21252535,211.64408530240917
955673631917856270,139.63563185372965
45952602,43.2605738699849
636275682012132479,55.545924473282355
929095827379608864,29.385698849652194
49450566,283.83422185944494
7906341,167.89694250481844
1035859340910656283,100.26731942886965
595948293511661289,88.10105121235955
26892171,232.86843739652556
946562224628344160,51.55574227292379
29606788,63.47580712530978
1008747993264965773,89.54673607282275
11145640,146.94959614314368
12956671,153.6180894139061
50212730,131.0262282075087
677514680899554957,166.35850189550086
747005041338244648,120.4490736339051
949198484757783930,66.96222169642611
967498776904187803,91.30624827496476
30998638,94.64445490595938
744608589618271514,125.41489319898876
18918084,120.97644473063524
651725894210064515,63.05483026538828
53434333,29.175976592296855
23590263,134.82119754381637
744889179453188418,265.3498798819178
908976839770918543,80.87113573348476
41746689,179.59700731877152
30719085,162.33857240692387
882483449809358247,565.8914348936371
33491833,27.120999977588085
993658320893903348,349.06424011662375
609262363582314932,32.04615540647743
35927069,126.04210456950639
18464680,187.7603592161602
550851566834914606,122.4477431987709
49579795,112.78065395856666
39017743,103.06816195876917
38979354,137.70283324775272
1026221631886644257,183.36885037863996
27169700,130.6105266265809
32148960,58.112237021388765
54077164,140.654988680647
45494623,114.31395366892029
38091600,146.3585410992121
41481163,112.19326602686607
571714653003583037,74.5240320842939
46412765,74.81729990946384
717059124390294862,73.8731643171575
34781183,160.4029804717131
955630429287160164,152.45530170751195
20818822,150.9008668574119
799484939337303789,342.2028939180373
35681792,232.35119788746482
641479134740592412,117.34807000659995
40350268,38.78832176125794
610208466828381960,117.78297690844006
576655534825585579,132.05554581653104
1027034100540106799,473.18958863616564
29880855,69.6227873775335
1000638599625172847,133.4859570378796
42395555,65.6483586570719
598639762355037641,1068.7417620765725
656554332722168423,199.5018818284222
45304237,40.808134731603744
49733110,129.91164482450023
25456143,149.9859881452649
1025226341120749413,125.37138221987452
917716192466382191,40.321622749407354
14071876,90.77091347202608
50304485,135.6916449516938
34303597,21.79621743504508
48807195,93.46823655962756
25674914,187.0233264176189
24693882,171.74184523082107
696504348613327379,176.9422096166811
21052998,174.21349033311344
999214500412295004,98.93011340270145
11207835,122.5236928834656
886216778024388990,116.15575296052978
625099973226974009,190.40667721903498
50171085,145.39547248780374
8702851,106.54550794511202
685672822564257217,248.29061529853192
944954148541326082,129.60794348891716
948449767684132417,108.99528639814741
18301586,236.32715883254613
719770149171551078,134.36405209453827
761567357785614875,65.07037746140031
905061068318514057,105.31683120855793
3979385,52.24405390645843
705238888350639672,137.86315032516674
39222987,130.041736564307
5231461,105.19305572740566
20503258,108.40934776682795
725985607056362100,74.19119683327949
1015979742897011656,81.02823356266867
1034191308346681746,157.954567233774
11146814,138.06737187139234
687634865143981883,39.66731713538788
994122711007825782,43.59941487536121
30121968,57.80445574478126
627936924424434992,126.16711463756822
49809457,109.12331912272838
572359829377887600,78.16420510050472
657994894090367037,197.47235661649574
992770805579533352,104.86688543233134
41914303,122.90555972877027
979501367221518576,73.72701259946336
32040658,137.46455513579215
49688947,151.55123720003513
1031683925476986944,71.36470221423116
49225979,136.63670185324708
634380865591953224,149.65450654302282
21214671,129.54206655373068
629905287616231330,41.30964005770964
1046593245392216685,156.39818567646668
888727071493806793,45.46699806795601
49174223,163.9065357349213
759905757307684524,71.09958324662767
887657375154296515,78.11910600629801
896012270446217166,156.05292684174293
718233876355682821,167.22748473009958
948548650582802637,61.24524763574699
771860062577897747,101.26560447933196
1025228514477133421,113.28254455301911
626287704198387143,45.94302192675256
589035205475226530,156.33929691059615
47332851,177.90085923408222
3068787,127.25028857124761
949137232957155563,88.75901286121827
711835451777313359,176.2554840148356
33527045,37.98175725786394
6424931,139.81317280120476
53328095,37.70389878848773
1028193257529692820,126.26169594881266
655609726305148270,230.23419907812064
43030415,341.30547964684456
20543019,32.54258951457854
780422673728726777,108.84643054936048
52282954,144.19499912438246
1034193653363427916,57.8347050621741
731757196133700686,197.9839071759955
579606258906138547,51.76662291897408
20759671,157.4118094295005
992090101227308614,138.50365799328262
644304278514508886,110.03507250177023
690585430869000519,171.27318323198713
37326412,146.40853239972773
908698514831189143,151.86915324880118
750635726221315406,193.0958269718867
6057908,58.99613721548108
53289543,103.61765099248811
50773644,161.20124248722135
838842840540884922,146.7871217611911
829043669154862268,343.36801653115236
36804964,148.15299078284733
839896538843378470,585.7524990491332
932548702047898930,99.03374356633873
40750606,91.85370245801866
52053036,121.01416183402327
49016514,99.90899943951379
7562307,30.590117664410183
811913485904125543,224.21639338251595
48553669,159.41726006558193
52766181,93.68591942232872
15950510,346.9801370353487
668726727255245788,206.33367211865607
15957773,59.29086232468669
644879181786251141,98.69494118819533
15500209,121.31042467768457
42971032,147.33211666041908
29157741,59.467327544767485
926109884132328314,278.8286930594845
814198516176531410,32.3220332452005
646196695872568403,37.41837615867883
826797915369571515,95.61406047127535
842311097895369481,144.67930912282486
615857972878323296,141.60137177642855
26897622,140.10402300204248
18522455,145.1826231963497
48985577,139.1553877631802
1041338470937718401,118.57458604633392
19730133,55.511518834189616
10280979,125.92544356488574
721544972642408247,121.11118138384947
1000162236702710623,48.96702200192732
43498654,144.52559787042637
849900737008649278,91.90515434847103
5406217,138.65015207723255
571798661674100491,24.750959227489325
53516176,122.66057078522682
875469008216961892,142.1419215838358
48180138,134.57474521791877
1030558878025914302,138.7643393857963
989348706192978469,40.5999412817375
33998121,90.4964765219615
606436500480197324,42.92680946995457
649370730031132631,197.78662373601134
29280135,350.9352881738224
1000071427632382596,26.881798337137038
751429502587796284,204.4119426464994
43055338,46.07864483542
25895701,34.58824752921061
48563615,202.89095436830473
758822458231171083,103.51292249757238
1759389,75.35318162205415
665299285912865157,103.05567646334897
53826192,414.20232396601244
839692805691536463,197.96225676023667
52246034,91.44616949175064
41618243,93.22493679676043
1040976605525453373,109.26914837493817
705914490824443422,300.88020108334234
625506881807444115,79.13707409373443
910931993733888486,139.05698458355508
841470096685898619,197.57021790826323
2832376,146.40803261303702
616682030967948402,54.116281051204595
28612926,166.87514933328222
50793099,160.36082687804122
837636544813518692,91.13735814882496
905052830777674976,155.32732444846133
646386625230152396,316.01986529310074
1004617231268707520,142.87484215636914
665695661422761067,151.25060146153146
678826423834670530,167.39013734132496
622605835990770371,216.1703662944118
27310680,91.00117064351122
588852631390074373,296.39536874017944
837654001202334074,107.28195717474527
21551769,62.31553624382451
877441853714388758,110.04753446102384
48292161,41.02570095627059
970295426437880124,213.6000647269528
27101218,39.446628938693756
619724359437253955,150.2386194136606
961820078290644197,48.02737849062225
969756474379333345,204.15160785587577
53506826,103.7121483363917
40780053,263.51423114793914
696927122155046737,163.21099446874138
745902529441815922,69.30622784810772
772743368753994898,155.6455202731648
33185116,107.65911811476856
21157736,56.63694693001443
745491337096154741,114.80507501275333
936240339029923636,70.4011243257926
19000293,214.08548099282902
1015406132816015238,30.41629574016796
28511402,189.34439362929353
721164843661234870,72.68797865161899
889363292218853615,188.3360091845721
660706955664750310,62.50806531960478
71930,283.796020866649
884082298268360670,78.74564580105975
868075243974482141,117.77164087323392
1040094345411405955,84.84579890298356
968215636057391689,71.59299581030139
40847481,45.43876216412244
975038581146287656,99.09688624540863
616560273313483643,151.09422336080405
23683517,113.34570870961325
38976168,69.376094517278
877739471729912742,126.97218303042233
923790829001487085,429.9787711808046
906098573976870747,102.49307011584968
978536847879265711,70.91472769966087
691001213391970027,87.57096787259283
943404865074799612,92.8277392660402
1025227728504537929,96.09942858179636
39797702,102.49307011584968
45726663,49.81515443448947
53416402,132.97548390373495
49753414,162.7957268432597
44472684,106.74040216767489
48247889,114.75302089777105
50103759,55.5045999918757
22946590,151.98023508092692
41708809,173.69671225032474
51067175,149.4812554269508
10254486,27.720368933405254
922648766981583410,121.60749763872697
33154573,183.49177038673398
30687839,150.85821552041486
27584585,122.2571564796233
21879603,103.20104618599913
905063705455501417,72.13734457686179
997376671900320269,100.67984843791798
551889995732465629,131.76033312158032
839869125742606135,375.8712542907995
44116982,137.54715494319467
52842931,34.67065183944052
785429886476112156,155.69324484395327
742601894228151789,241.037407798
9679005,108.92248654826766
53584103,179.9866165705191
1040293294070005197,146.26305514643224
30818831,93.84683085658068
667336979048462619,68.09885976731842
17098971,276.45561246378514
49515824,59.98234082078321
24894665,86.85138001568326
50074348,70.55423350737223
1025227523201353015,131.4078872483381
42508017,281.3441948849289
641465120871879330,421.5090517151257
963069246601934989,274.9260988412416
23850772,208.2095596030975
26774767,256.1022501489056
54013535,147.34611481627667
1028235888097727102,62.1916180570276
53183986,125.97617472616628
710833156787651100,96.77393176799949
879280682666693862,76.1411873696714
19554215,512.4687353553057
42795682,138.68372763583585
49485163,203.57431026712771
1036389194201129302,55.7803861315242
704112947938610332,181.47642712757934
983392852203137383,304.5767091251454
12070222,45.71777843896997
1023907137082358440,386.09783688715515
1016848182825128415,66.57203370298144
768017798932845929,43.90563763752968
619763577593447270,79.84561772037314
15669026,163.6092738291279
36693625,158.9818662279347
30088902,122.58549663121936
24947013,105.71131972207908
954231295890721669,105.79250114600056
778396861613196415,89.83874431173433
658468351344191724,585.3849148995027
6724355,33.626955933160325
908068048397189330,34.91248878666652
682063347378115314,212.81897970218685
744981670669870953,110.71839529502085
955190634465301173,134.25036557461007
910258989284341492,90.69405470245258
33899292,105.34357759398475
679762917597826939,310.75297855980557
997125047753211740,43.07783331499052
601291927766069105,103.41242945700492
38218625,140.7470866498909
37865528,210.57646244510977
46918814,125.3306888476658
966137,37.40628751207808
716540000651002900,68.64177723179571
724560767645377736,133.53499198701795
1008537544742721511,188.20583274993518
772761488160509011,86.38540877576452
1034001103379126531,129.6040073395912
13295757,92.29087171490688
26296254,65.58320754629656
50020159,58.65447701217467
54252299,29.002105300726317
48867132,86.42623583443194
53512395,153.6985764889921
32669282,25.50415632536753
897674850731966240,30.199729797559232
878921553127898037,109.78362140274835
25191501,63.19917342871517
1020115215865200343,116.74310140951478
51519426,123.04715833592293
1044908124687074157,52.7457484491863
51389282,60.5459983486033
50138074,206.90602492608622
53684500,179.34592722656964
691318629391940760,122.27130615086584
36694273,218.0316806613121
41620772,151.27129833698012
52667332,85.2809100974249
38066904,90.00307961459956
36603379,112.81792181451064
27962742,53.266102871399134
925052985914700295,150.45564750156487
33409131,78.60567999524487
848326782886525969,392.9436614783517
609477882686825353,115.01104489165355
33940898,26.89668547737261
41241746,288.1217343219715
45530485,246.96804594777223
45453685,175.1756026092026
51465442,111.63855405456555
663669574638185155,46.97920303689
53495617,192.0171941643804
744935648948869793,36.249838235573414
664571763325080671,206.16926242389619
708162562217061499,130.6186018922283
948548117959019861,101.39851502668209
24410957,130.45514127780632
29371395,118.29771129524036
20419957,35.85345918486527
748752917418373635,57.803609686335115
15322642,107.31965109516118
744317751645139111,81.69573788884132
634612676327543472,168.14581803660104
49276630,46.04480344657009
1003613973031775868,173.46921589467772
679028957276218967,69.52564053249719
8918966,151.85575250053915
798035438434398838,134.92067173897343
896622548424447244,63.72094670498994
47963169,50.2571098461942
768679457151700568,79.97431898877534
46053960,58.123640479395924
935582559920169561,122.50488453411546
720419181561174032,137.4851785294168
775491385861485806,136.93426786193825
45649212,325.9790313092781
51741911,71.44346528197596
832879362742643473,145.85328051210553
54384620,39.72626755168541
1000208213388959451,98.86325608563573
46401985,53.30642840662008
758907337720590101,109.28603811543002
599354931252004896,230.6387537449526
8181598,146.55131429800247
955675694660694717,97.52100746700286
53423379,64.45735229178885
51940418,84.1382436628754
617256554348283083,57.56157184403866
26221841,765.2026908133697
53943083,36.32680905227357
8770382,172.82362991730025
995076531993903148,209.49768429607232
626103567505773297,168.1953084560767
20756430,373.29884382866817
1040939977416716233,106.33508800573549
901440574305111202,419.3944115140109
890111668461195592,228.63201981038108
12536277,134.82232565268745
48939208,127.65747862177581
18636662,48.13081016511989
962423750665263712,141.55841010318807
1014685766118926295,115.71147730763369
599853040833393155,155.79547797291843
844199899790461053,193.87513736709246
828223193431882832,77.32737983983935
35403153,335.4517487094275
1002855522940211108,39.85671042781559
20235190,88.32579360775593
24916539,49.53800553083637
850639894710619740,124.37890023009824
858703236133238528,122.38904201299961
853611669505294483,155.69865562173572
923289237324322527,30.384472296740626
687700770762472438,38.45410854733186
8563504,68.17343067557336
907440652156085038,104.36638482894541
913242752932481204,111.98096277333579
6386641,38.31484348064284
700140434654848896,92.95297122426064
50146852,217.95505778598258
1034196936578768241,70.55702650048512
658436757339716693,355.51116668378194
54156639,216.13441210918754
53519278,129.03936909265238
19018922,184.2816778870846
749834471664302006,351.0409158633077
852130501839194507,40.05118904455936
1045894315887715786,74.24390606283593
888878572285700076,106.1209831326367
983942005462680007,125.43814871911422
51551406,66.90341231236036
876900982784411416,61.539780699861424
50249380,90.4614234540538
25191782,76.31342777229798
722450361673837045,301.8105166345968
807875149223438312,94.62289898563718
37721986,158.40178099984269
545848263758492827,39.74659089507095
549111215445191130,229.91925895433926
817646634236562901,212.49566115136165
643282473274113090,570.1079458209049
22588022,548.6782876134814
945497207573182464,32.82752360378527
903081205636636005,55.56455079687728
13621242,203.8769691427487
737004540213972225,80.42719760544387
44633608,117.77334778607582
625435134000284113,70.33148895144396
54393279,136.6641927673858
47327806,32.56839176476233
736054780995720114,69.21391970334305
36603454,121.24872194246754
946948795869099240,54.382778827117534
944220056498985695,72.37634848399198
743407887551229557,193.63699169494225
932551566662962926,91.81924491162208
635687858805931507,88.33398130524174
53161897,142.41847722391597
600672336575869123,112.90265051656668
691316273218731600,230.24082981816164
1040564080851083378,200.96029684595135
54066415,416.0540623861081
26138093,592.6825860669495
21486813,423.67230969479544
978572840391078096,255.8668838274784
11671188,96.87744135178579
38492820,169.13698768943442
51235247,74.0814602736326
8889577,152.4858946844621
21263821,250.15898736139994
987901872444641793,191.89796959417077
969159516611516032,55.78243536209124
980408557655615448,166.62047361901983
49568068,130.91839299036704
49732675,90.04393456728847
41455518,177.462576046851
40674594,87.9889553860723
45731449,44.152682839439876
24672882,54.26966890980452
907475998974766052,48.903349166390825
1026035075481331527,198.62571077740827
897099337125982608,83.72642879968463
855678022513997841,203.29059848186577
46135202,105.35723238831504
32934782,163.46793296685786
5205377,129.17766541424533
904418978771117050,71.01690809202802
822519156174601489,161.1233585720764
29053143,100.8850812243542
18274159,116.6648178679713
53950911,234.16344639974156
626280824411503343,109.79054572435105
31088966,126.66451519982681
34182231,88.09643069528599
29392758,64.08174575023484
864468892539701928,132.3417466211336
44042642,183.6503932283736
899370629988417105,190.22837002197255
765716553214035947,113.11150856371422
49174271,153.61272535924107
1025226398921381361,95.53246661251812
1032719399053894475,190.08381721453037
45867707,130.6240272744638
979154905534491998,328.1573260267782
905061654202270134,176.40988787071976
811598959762017418,120.5111925452619
10131101,69.03268312935622
932715382817929341,68.68688108037396
952779676384719562,180.89987125776668
40731871,166.70394791940564
1010257691109275056,336.2451894655583
616581982132767071,167.48521578404464
27063669,310.51913614906994
20601137,159.25816075077984
39557322,205.9344537953414
40721200,326.14117717933726
881501234757439024,135.58278021500126
49156225,353.59003248706864
37283545,228.58657532246065
16757056,83.74882427406793
17383973,34.08427291161839
46379688,364.200187724371
692044455210094120,66.3383029584425
15222577,56.585213426581184
1010626200952167045,46.577066131895656
656537203036433810,59.92334825335514
941966459267198958,115.78024670914404
999574296843479844,47.3388765339943
45879182,191.22070183770322
19984762,46.63245329727589
20053035,97.45332006895656
17956375,144.57636705256704
639920368906600737,140.52624565500992
878316084492857619,94.98798039039595
1026330771029640399,585.1132443604384
29371812,201.53739739564136
41507750,289.254452770927
761559137835061640,153.47960847040258
51270516,170.60788613512298
15114450,209.61057399552283
558083185211981123,162.48138678545067
983928337735608768,45.98109687863129
702165869400059143,198.3167730890049
21525948,72.20139315686224
48241024,157.33997976754446
35573202,45.40757518804524
26785909,188.460021615081
52403432,124.8697789706793
760706026458132701,109.67938790501275
2519442,72.58501687841921
6515667,117.72300603517196
53160390,83.9464747937555
998600450922814868,132.37118737827552
968803338228285546,99.40877447705311
1039886577433799014,43.629451060086616
49579788,145.86306270834237
52843682,118.15946156340242
932600588785710068,26.9510997785927
1039539027330470080,115.50123724491694
900027751786038180,152.13133502971118
1041270228342489018,92.43097245413465
1005093880349278844,149.58604690415538
715981288326065862,71.17918532297239
22067592,40.17187278883786
773214911162646829,120.48648863292682
862919192998753246,129.31087680917878
837129757536564907,186.01250342194027
28803574,126.46783809789058
963844592938510449,42.896441155488525
546357092763173945,61.66443659460052
54193877,157.45178516409464
1939467,61.83906637916061
826969118937249243,114.51503403329197
39263153,60.15307329630711
49360466,102.49230912488875
17221782,193.05823184906396
46090808,47.27495597391626
17075885,109.52588474715428
760985260337363062,101.6185812252789
54394311,161.73822162810816
1005843819844526519,61.584750932761025
843826665813359867,166.45141876724253
822719660459550574,242.12702912160216
39847417,154.69624463440744
590084350280144129,85.90896768812702
666723555295266267,494.9420399157391
839940695514962516,84.6234281894457
49173480,364.4113563984499
999917012029114193,26.571900517145043
49717875,59.22322731023225
614569250885720529,135.35023853225633
39127790,112.25877350650656
40408111,237.90461835038582
8564722,143.54945724966637
48741597,56.67780494525138
36175666,112.18760319582633
548625798375973502,55.07756632227467
673910208440725002,79.06251425954656
981379900691214951,156.3700737752212
5283285,71.25981548403216
852324441790108863,94.95602202875538
1013966707326544588,32.13298309440735
30909493,123.62147513165957
48812691,246.473832204782
51059142,52.4047611968727
1042290913598252672,61.66686112791918
27337953,292.72036757457823
46984326,85.03657582813733
47880622,131.45018843919763
49479723,267.1814944426841
39509741,187.89349888882307
16823279,353.8741002140725
657450439128400737,258.68861179566096
18091194,139.76667069209395
753034455022769845,120.94508184832833
38706692,116.09777106906986
49226244,22.96175503960839
22264612,107.11110690001377
45328855,135.46265334177087
19952090,315.17537085949
605703729803786889,109.83082496978183
822653851012929669,120.93992251890685
43818411,130.58556838431744
594772145650770690,58.92631161585176
32639509,61.07794638137792
38485286,114.20477649564333
864397774057425014,84.48024110724704
17514102,403.1699348242521
755050877692431406,232.63606775622034
34274882,162.3910123267416
38905823,49.89121190770706
565220841163030478,91.72853108938924
768628328747975904,56.6089290290763
901585988720006750,147.5710979700006
45990524,185.9795018131371
562895079547901858,25.999002165138197
9993846,139.34613740495413
999240342598836211,172.95802081449693
614631484350436569,111.95010249044871
905054651866923685,97.5002666429362
28359732,46.66308392640892
1025226660064314184,129.17086652055588
972689084201693273,84.49427990190372
796465765285127869,97.2621924871711
48321139,95.48804670881046
908745761186788374,32.88401246419634
897399470112656382,214.39228859807366
47826889,113.73018042758048
49250122,188.20010081993985
48343458,101.09694935358714
691322048105899974,175.40985145793903
50012376,44.99776803808346
17638039,72.49618324116176
18978187,213.95401422677617
54149843,217.68350793069516
2844042,116.3608525446749
806608553638514298,32.24904194989018
771317097414697304,27.39983160639624
858606588258932755,102.38934508525236
36265163,454.31852400881536
684164198533935697,82.64482213884469
628989428379651515,140.66452320256357
689532612051546251,356.29412849205374
40883695,158.74493236733724
29877084,140.53361201663952
13656318,389.87200856593887
53074694,103.54250201926368
955172109659094260,131.75327358236447
1005212195039655606,136.9698567335167
1022579520841804939,110.23634761405025
37334586,52.183891105945825
34685327,118.38073588928759
26961273,121.26409715517958
875582800500313455,139.28744222512958
987874985160801496,115.17715667708579
46725082,244.0563241507859
880290959400875942,135.5961940032946
1185749,31.1646955644624
786298364310704319,57.9699787069181
688455980810539382,34.57305886227212
997358390091287680,151.79375324890046
50288668,125.09265590700474
1019911615265112076,122.56372035282851
909113424985120708,124.55914360660915
681768552735273379,415.6809732556587
50291798,102.07424336367663
53883512,137.56449605792173
797176669447151363,75.65636752654927
816011269250088609,173.2594082515953
549108249238418183,150.9471204687532
54409093,402.761772306472
720122713209746414,205.2382862243591
864527642059448923,64.37232974608241
717735802037241047,35.819697975967365
53519116,77.29451608077673
944124188023865850,126.61743718015565
840885374558932170,89.48745346978254
570233652996714993,83.83268259048182
2731202,84.42261495071024
24885019,101.13877643927293
693280666448184719,90.00307961459956
9637023,55.85348872470656
929840238302677053,110.00137072422824
939795816622522985,121.47616935998705
934182154632932625,358.7553309565239
32467607,75.25972403384206
50140405,92.06561010245393
791572628250090348,136.26845932334044
38750112,122.8876274673336
912190335524249561,224.95994632620537
1018936298993734881,67.1318036196249
964552002835515790,236.41863751004703
993392593295349328,75.19602241910916
708133673847259359,62.344853260535224
575181668806472479,143.86072290313868
36727196,83.90936446605986
42743155,185.87104861876693
18224208,120.63645031482838
33071256,480.3435532973603
960179931628972194,30.863073048333263
7127223,166.9472557203965
1027153704777841190,84.4092012570757
664466515573809563,214.5631924397319
48394121,93.64807633071582
1003688967362279196,44.0772190267506
23123158,147.69587895792407
17906826,406.31887281165734
51359155,145.36921820565885
747371602238529763,154.21044610870547
654407641847270158,58.758860388470445
10945,119.87017815773011
724067452254070231,87.97915037488353
765858270291974118,56.528291091834575
847300085212422183,97.50921951602933
19759186,168.80679608248585
997013632707481508,42.109145900184636
688975780102010085,107.98903922892502
716618984818242831,169.68731651413316
8735904,229.70188011943208
787823387803441547,80.55151696558693
630198084070729440,182.74033842455407
31626407,68.22783324868648
39987474,258.3621044251306
658473034991914255,87.35238742270717
882652206891151568,203.96341000670907
881358620875977025,86.78037483368294
16052521,106.5749832265916
25555626,47.60336861873988
735355590284850737,78.73138507718997
873159658220492277,129.3703614115651
684478759420862032,35.64629699178924
46491432,119.53608077542879
619088093385715921,164.80131219217947
735574914788369317,76.40212457989209
719476850175866871,82.98499531333096
1011547672609056242,139.87787530643678
705591127572933499,189.3443761609407
43767503,72.23579752987084
950045929169892039,81.10184913530226
15162267,144.6912789960684
878582510947263612,123.32741118890186
46884313,24.561958993655
41054645,31.089522405981043
932687818991252572,35.92238679012707
963854724290935291,121.37445724364912
1013961715137418032,76.957048746926
33948840,98.15914584053003
953214002157156927,107.36948328979842
41197100,38.997818187023654
49943153,89.20588979581726
47904524,103.61033579484601
40684076,113.19355772739928
656524603351279909,29.172311882810245
950018289397840215,96.67593588605234
961072717886018581,437.11098873926176
785430167716769323,84.22353245239812
978198160675635304,35.351320963253436
30930197,445.0399226375293
20689785,122.3469500587269
2564678,148.3368612783978
781159796541991716,365.609323630262
618367253711673346,137.17256973011013
49477699,537.3570208313218
899254972948648354,92.39826596914267
863660991842544370,39.97561291864351
38229310,46.25210990112964
905063580217104742,122.34792786713845
36832360,92.58762301885058
52638628,383.56922218130484
904575135036605667,597.8984307048946
852110476511490886,94.99447238187184
900354720879021618,50.51142514862215
34276639,93.78326103364896
47052817,61.1257632840332
803752866182853089,151.41496043021587
963856902708470099,349.888151070161
963027377545130422,174.62150883398607
15216226,173.37613027970158
13656154,91.19003250448127
15954582,120.98521504420314
665236054181003453,32.947805060780496
603883304654863929,595.1217260508191
20921013,103.07132350325429
778188114644438749,95.42138953485394
3962072,41.7908507591565
42097144,198.28530927530636
49001576,76.28456974331249
52119892,111.95009664480624
1030175937848120083,273.09770890850046
705229307727552489,117.79537047245319
1042269869263786995,129.58185918347112
899901934193919580,274.056679451372
724654441154176614,29.677965787817353
49447667,53.63458430239869
891424563108350679,122.05782262969552
729421891567680274,75.6763510459775
877304307345580475,139.8707560797561
911883594444629925,411.0793203050358
53227541,82.07353745534107
42566712,198.79006240154803
690690740363623495,121.25767091405729
621240346525815990,236.6627809290118
1036210059202161008,86.02370558016291
39059092,111.64159229338495
646443538868634616,644.5289302972699
31356183,246.69254212230297
646557416547912385,174.96506204888203
43149173,184.00010390047427
553192042659897513,45.354483977799894
26324097,294.46153092957866
924182093898039143,111.00032508267478
1025225382078607836,74.12034642853845
9049864,283.06300877980584
21110208,41.14043878309154
34337538,32.037042706744316
27783440,254.00313342900395
39798940,67.43608927565636
649987969908932555,94.47289496054722
29481624,73.68957072543274
577512690968445494,117.33011224118223
562895509098634422,219.60792630838267
818042515978491095,40.27689339091177
26133988,68.35469116152663
4457161,116.4239429963707
843028644486260666,117.37666151143718
51839918,103.46347104622797
939884931947437307,111.99293280763573
20264618,157.86908813487145
802886838904791751,195.56522581519576
985975895374258496,120.26100717807505
49462455,644.3184506461188
35230615,115.96555318358818
790883578380308463,240.52588257600553
28405971,128.70516870969243
646386647082376641,195.57487324156963
962495821255361646,107.59654666745668
1040724303268131599,98.24609512330727
12871814,239.02536074541862
816764064205494806,60.0771100329373
24340435,74.9411670513241
899570857858967003,109.75232276581202
993104010253661524,50.66429669043208
49732864,84.82913232030387
51727574,38.87468417694337
14058443,21.69999449299483
46332709,180.74111426306283
27804909,210.17845561653664
803541531787818945,120.06066883422021
674216624452040513,147.55701331943098
1002970855165850639,92.25526938989239
22045956,110.83740362128317
1044448055536486852,49.15643991558357
568760764098399722,128.3885532012732
875813802496264458,117.05169777221013
1011799929975496158,377.36973033271505
54077127,152.8353968754866
917397477041807299,254.25565108990267
5933672,100.08074781646197
44047696,137.02971932334913
6374350,93.88551083171978
975341829078334024,110.99273796108818
7649812,142.0067370316625
35517765,233.1919809459724
50104464,81.3557528289841
14141861,245.07927381877914
562452284517338021,78.89360913224144
45172935,74.56464925244151
8743145,102.34938873654153
42361025,151.83288430750594
49018636,41.36324675185882
51552662,125.44450277607706
894273634351962663,564.7818366671179
27584436,130.86367199144198
853549847585841356,251.64943871000156
940642852501852959,82.91961989043733
41911779,208.28294484421772
33645248,158.41229417552492
951583025393537498,110.15528774098051
20640570,161.28433545558568
51192318,223.1919564379622
44535810,106.30516504580554
837651273534264559,91.87559327686562
15911102,137.55057988742013
6736478,55.67096604441243
34944861,77.58447239355354
668958388730805856,108.16181890205353
47131603,31.107666587848318
711542495666889849,87.29118375955683
1005024790781481300,154.55744525428784
49251081,229.36614963220174
582834897413067731,124.79689798807073
1040951993383135803,123.09860890061775
956943968798513237,292.8417684530779
51234939,467.2523313688475
1030556391758440016,200.26549092114803
29705065,131.97153651387168
1025225441301503948,434.1055453620378
832083406902654521,78.43969690497343
45304453,111.41734636192636
41880370,77.71556074046859
45329300,59.21123202852128
592885157625123692,119.79492073156277
32862958,57.73310650631235
939687528324696640,97.7340957227391
207351,103.77327023807682
882212649694134413,40.01533646094212
905052728261977105,73.76544038080974
959712797328042286,51.45816878437262
11205769,991.2502277939838
628855874552199266,564.8319599477044
20862938,87.04674155672745
605673463724628515,149.37327243364604
781240611652369638,130.31519993327953
39002608,119.10292332880111
760970616533000519,192.35325061186848
48399453,91.87643022301845
24944885,99.35375356240948
999531118524905331,346.68250033120904
919774791415993184,82.48883139452177
812588698213960144,40.347312721120076
704265676914840779,217.96528979440066
21028123,191.83388834748746
36236696,198.4710229249671
587144825433281663,116.79196198783212
12038807,324.9654902119747
17191957,275.44469391319655
701150071038475143,164.7784172967022
42566678,79.69044905626917
650164651310033026,281.20524807435277
582941763450379226,77.19083425643326
805599838927456688,151.29522278615
29413045,128.82602999533898
1045794547312328205,40.953934656963874
877757095461628875,68.10609284683679
1045891640778889531,92.82879015169216
857354179973989194,160.10485118925996
14774756,206.7490471341773
21254658,169.03059559740393
1039464647657017162,33.48259803903284
983931226851014355,172.04822063782652
289689,108.41016248556001
50808262,121.36535294754555
45868920,131.24846750161674
996585296771700263,113.4375274135965
45512087,121.3977976135303
52786074,138.11341102983272
634732334516100916,607.6771714795328
900780652938010521,173.37171847061077
991085362126087860,101.35939451506427
51290608,173.6584164736576
54177165,521.9586397313902
50082351,120.57125055151751
39154634,87.7964192576894
802414610756875783,72.8181189335355
660417700935353935,26.425176905045852
9588999,131.23722671228734
637163279309811800,139.50473545443592
52892316,64.54569223790097
681340075781451400,142.74740314506204
739568753122540479,189.9341750671717
571139009459149596,158.61967796580075
37912562,95.79702330126048
793743813788537738,24.747076166413496
42181134,215.08881629952646
29702099,79.26023125350957
44085884,200.8316357897737
50196900,125.21089162248083
731919700243917043,176.80439995499225
876712651291261486,50.07221047479995
916117751064062543,175.1110046435393
566941901462047756,42.474889242871704
49628025,111.32834068528675
653866168915242458,132.14153841440222
52877016,164.83900343304242
45792345,173.30813072239897
38644031,45.20319754076909
38604801,92.80218190746025
829096931877870439,759.2827194598534
792742918010032219,161.01628200961682
50177472,41.77401948424092
796223569899914488,394.6353827560453
939454431513100924,116.12910236958116
49847089,38.0473615279274
50115227,203.21916145489845
858580880025997450,57.77853932960875
764593141171260084,139.3074899121873
24631726,94.84146028937819
943318347146669178,357.3326255149035
41812235,272.3156008361217
737412812214391363,53.83609344322724
39127447,144.34750905074546
42566704,55.8059356400684
48606061,60.046164126240285
947773199277895203,54.08409673648399
822395411377047088,77.82905845862958
39339292,143.6425477807735
815938170026864626,479.8747021490392
855376203394835115,1012.0134013103093
599857637500520449,385.78138136565804
756569713594312837,52.5306076006602
1005436065368019385,91.32063457884277
1040153231765065719,39.42927419165184
38870766,105.6789079138503
654752368519624148,132.00902890588316
905054570346153049,37.302844976997875
874848355229659252,947.9558334509345
52981303,57.542143715644784
47054253,131.4512783078363
53209214,118.96277992245732
862924603981060307,236.036801792944
572530143620208517,31.773374653106647
25069194,87.23366807279324
758072223330776518,391.6831753430047
28811137,43.10048682316593
43196556,105.64307991523232
697828213237048163,143.05257446125776
931423751324433113,112.65469361931227
6853688,116.46970395250382
30477805,105.21654198202563
923324284741539303,109.51956499647466
21039622,136.85152484398088
35769538,78.545654648104
937525937855444747,149.25597230671448
50334589,235.06479611479892
47740144,102.42279718403736
665135946672819599,138.06001918542947
52616207,66.31595016458049
34774170,119.21820017314698
31440667,60.28775009378762
464581,64.55614574191337
708700256475353305,107.16865614290991
1025226822544125210,135.11645944790024
912522013503536290,83.49887009356841
30553860,75.83228200951686
619424648756640141,113.97789885338787
48866717,214.76334343619422
805925852111742111,85.41219177128944
22999010,94.70256321248061
882409852732328510,191.16024499386475
1026048651193227442,316.2048275343666
695634232558360064,81.65962296066421
53933840,144.26417740613638
834985028869992919,164.24779885646694
579952532680209285,40.45249674070796
830032482919888467,180.53907473490545
626294508486359635,156.52147120108324
643894696943783662,126.47990446591332
809622218552631721,131.16533636329612
993723478467085195,59.24293449646247
15853679,189.96071419064586
1024185019575778182,130.94370457420735
781899699941657666,141.52158049744847
11902507,129.86103827224164
878208604809836365,104.21689374080961
813112800917354530,255.92845828091768
979257485970311644,85.36691946392015
52887004,76.16818157033013
599270079159338740,80.89095891387386
654249001641943313,355.4326933648472
918783403872728546,212.0685066698823
948498355045757936,974.9092868084825
54086519,38.99050415546209
30584824,119.99164593636755
46581790,89.16272713043283
811376906079417326,438.28265702381566
690679893314015647,249.81690789812654
959930766561653001,176.38807091757457
649366334604413975,131.04900142318863
808910288031913668,119.03995976319275
924140192659774581,283.4917856115889
41594357,250.73446976920835
666922199430780798,295.3878590692991
883904768479998447,344.6410198314023
598647855022557143,608.6705410897335
596863939924134890,67.42569743339985
1040565117499557631,115.90387487508448
811377707909850214,138.77801091947237
45414008,155.98492150632146
920122490571777905,43.77182788046558
44490049,62.27984031604643
979942,88.75537828118559
864626439905433071,69.99038963151358
33749416,132.4959988543325
1019570996854312091,56.517368950648205
54077092,258.93576623163347
620792110886941059,141.08952690848932
33942774,56.37975848652077
15053294,116.44459472357352
49435650,58.12658582809957
679007528457398508,140.2424448753821
26317308,72.02101855873208
1044935947510699365,62.079399972950725
15499376,47.1197866901972
845630127026134316,129.24758027742598
663937063941457531,93.30843388162762
976753910696675016,129.97289668927067
1032031891232555682,136.3919264338417
54380603,115.92475847865586
52827826,197.92901946000313
43876715,98.64776733754714
32990852,63.19386415215557
16687380,100.01953789035471
930104688129501068,43.46444941193729
917200402137659780,98.38400065332375
38134829,179.58321211274065
892323934232221188,122.13485540645979
839171281167078836,227.24711191417597
739147795364466355,99.31566076912424
38912057,181.4452561445146
973549759355717758,121.42191698401267
966131842734816579,388.6450255429696
903591422099598338,90.31607612245011
656581427272696333,127.79970823054474
5297152,73.590943017639745
43653015,68.9091190941005
49462631,115.67111597935647
636355767032689677,118.17694992447795
882794700994439691,36.77078406646788
836345146374126199,201.91974296611914
25368126,72.41841084430688
913490581746160395,249.28865107759685
582859740787318961,157.78082953058723
915216880800481965,130.65207252273177
48244925,115.82208214478129
35265884,120.00088756611146
858733915028847540,92.84417500348788
49910471,141.02172328393632
52901533,124.75509946040437
804355070868142573,121.55692110427728
47537784,47.59278521881922
979926,331.60587073546895
42279886,91.51436431669161
48957867,102.3300792833411
870947328157412960,93.3830431668878
973903636912438854,255.08066932113869
22221220,112.12285370397697
34115512,125.21464251831011
36694345,85.6852872748166
674821388812462492,166.23543183760808
5496659,263.24991018128173
823105065520590620,111.12504068826344
943590899244820076,202.22613854457393
8743754,70.70016718656221
8718913,154.84083085279096
27799542,99.77970304983067
973002409814456767,109.24565289444482
907159283163297665,86.78264427274937
710842868920389085,51.931581635238025
43806243,90.6254676298162
610435645646336853,138.4236947633902
37833328,145.47975560917158
37658384,157.65785874220393
36184740,179.47460180017126
948586964517893945,90.48752863239157
826036071911122222,111.46757065332295
44161649,114.66064557604481
987666275935187783,168.75691410043342
45281916,145.30474572854004
684750963539212417,183.07782542169923
16508819,105.86326349067689
41756386,109.47099431841552
615055323555478081,167.54814309165377
785423932330914663,121.84685095930223
51211015,74.17861879130558
985495477376371494,169.1824140447872
50462364,158.6902380934968
48826574,213.19794454850103
976914878462533348,82.58767309266386
712064164914500549,319.479691603687
904618469567962173,149.1517703274021
45505018,125.7997040445603
868475899478993572,109.11679164331626
51633184,155.81449269511538
997059405986143219,193.16999184366765
615781894376955798,94.97594057472459
45864010,132.18794214757384
745700021251652788,127.42349747757912
7825308,122.67680743427948
948174944305524456,58.96455320489279
41275135,245.24323084186526
959361326858592178,40.246728614259965
771102210897227948,137.81497403992998
671146129821287947,45.554090637558076
812416428046655798,198.58501357269915
1036962690403731979,158.17126348304004
7713352,142.80265868608728
25376091,142.21811450737366
758094546115213846,125.08907225399463
618677661800419266,73.25028350845078
12252435,81.9824229028053
50074274,101.92357549456017
52359201,71.01332351038691
867494228692676385,83.32452901909869
963839736532901456,280.60459192903454
970915238010653455,155.1404071888844
743490629366967417,452.1048877078687
546987159613574991,122.56323521806512
39362318,122.19294814065672
722359968132632044,131.10944657469312
741580514546954777,168.77081291624737
692204814924686363,234.48156117723443
1008916038882220406,141.08577284729952
16442292,110.66794946471754
963022789312055121,256.3669736545443
953001337182631833,106.94301566385272
44252444,83.64574090761519
622066599751195058,131.64078608945226
897831204090859929,146.95083905057092
564373996191588333,185.29828371609835
973122034984827609,40.859056828769795
739984431753442101,643.5528590463614
41884430,177.71933686838244
34211831,226.93833419298988
715429213182671649,92.83290430753476
50765568,122.31842894725884
47094733,42.043546544122364
25179867,103.10767826547256
636807735879697841,101.56851097654163
744949323107286779,96.36920245123243
984023304954451339,62.26977596587202
14820957,502.6616504183703
6750168,209.6301215621991
619121832008755075,130.8520759691621
814456266170506844,89.45646365890875
912587627156935240,207.3951507141485
53705363,102.30777698985459
37053533,94.7725041189144
883294748350338640,119.49244190568032
637186142163100079,357.15044257496476
946651002906978369,737.8747503694713
52391531,159.37833387615885
50074008,140.92270422118915
53351802,90.63661705043397
48834332,102.41169953836021
20319676,148.9015750852636
28511244,84.63313966762482
662863617887991108,39.086518840439346
24061425,47.0549314332957
29739220,132.68247499275466
895605385658281403,201.29743851939665
53470243,205.19690747824308
44066069,26.91464925722855
866318429557340926,127.17439880668387
638482710835258153,197.54081789830659
52116387,109.93583637254862
913489439194384240,53.537281966353014
1028397038137814793,176.4881550501396
724644315146483381,38.52833843945839
5126218,110.70249470159462
654394258321810408,57.57079651163549
40423941,171.20564894664292
312192,199.84978561524127
30316138,85.50128300084306
877027949558877337,116.51127109221599
33556246,70.08106639486714
795099860511357681,86.19762032820196
906706795051864773,247.46602235453435
37325675,86.91096708339582
570501134802495446,40.02151764334226
629534849745176751,41.257256253974234
15534374,343.48919458358733
1002473429355598221,75.51378125573169
776658665444678276,223.81700123518385
6552046,310.12423384983975
1029367835117594908,317.29017117587745
41792005,107.7182989492763
558569087123590590,94.00870621276961
40350602,166.8384769015446
52919619,150.34320287162384
808048225308192110,187.6278589382368
913491502301681887,250.84517114756815
840663895696041834,130.51633967035872
25015036,101.58541250099123
933966507862102380,269.25627874034666
1017436642157328421,83.3216651799352
642015442862738222,206.2358140435398
834154510098180933,139.7991031122462
832515914377872868,177.11580706982136
2499596,154.92679904572185
1046402491152579103,86.32885724131167
19574382,155.72828319493325
676173347959786110,114.15372574472862
982079720271569487,216.6724975403643
36796742,124.93642109201623
44132383,188.50662539244755
6768827,124.95928490328184
43122703,27.259571559370162
927801426800709369,119.22427653126161
854222884197878937,202.3200388152678
2298310,200.05434554008554
26804834,237.44031840637243
599419292548991863,119.69407504961694
24908843,161.38369370783914
31512539,254.7499854710563
555041639366197657,71.21263136632115
45463808,33.87957796924013
41239565,45.84706496366978
798618191030051139,152.23390308210898
1304049,224.55637507121244
710836543165696851,40.69905526817093
804340058010355222,35.2156569245564
623265637725732331,118.81008872986912
1039886351890728571,142.1013122872904
8859482,121.75558444780532
48146215,166.17936929021892
615566145145698815,172.70485993349843
45106084,390.92337153684093
1016941210281489969,57.33044534249935
795853919053845907,39.23819695853911
560254494131483242,144.37823184683106
48239081,62.00174375134611
1013915065503497063,97.97888502690303
39088461,112.1983141155735
986959098944544380,54.96786469967175
669577510168739004,217.46338708369674
46941176,214.6368702966935
998710344671298575,91.84819119361715
25055595,48.72861545021203
44952202,178.25242379839003
404792,44.71410052276655
816730668430736803,109.64953858226806
736954705853246580,104.51597139469798
13343525,65.0822239482593
21390692,458.48499974974123
29051115,97.69083731702494
21250973,244.34494539022225
28493052,43.55374293046583
989917421459506841,137.46888939626226
51741865,116.19645793608491
613068601338886624,41.64853112481494
39319667,91.87046193237819
49923914,41.0811195377458
38846165,50.14698912905399
26422842,122.05495885497511
1043495596356775536,98.20280252028738
1043391170026406510,50.967216463146805
955302852404139972,102.6784013931022
49672519,91.23313080802961
40369329,213.282038353137
53989803,256.76898364839843
5847065,39.84850185718046
923431067443369152,140.74712923596357
923270054564804030,300.49842637379953
5861971,114.53602586865077
22713192,112.4245090565539
655003993641878485,86.53309378878308
856685275666500590,31.190520410758886
12452076,369.434557782107
640469965697816739,685.1347006433264
883545643482655632,386.02200829415904
18194698,31.423787734394523
39805358,108.67517352465289
21565589,91.38486615025951
45638810,100.94245174996355
734894870683504598,230.5669916481799
659499704359748152,43.65093146571884
983640,41.75306654689825
38521406,227.1528523092123
27359639,81.14209980726666
42309994,178.96617944916835
14215568,92.55474096270899
584288356196548594,66.35295838865684
844237467700689652,104.48462624692172
45991431,143.94174865191707
47291017,212.08760990423107
708167919331623507,92.07048760261841
2515629,130.5223905377
778400859897950092,121.35917822827606
48806018,1375.2114783609074
940473005840776822,239.72276869061974
16012260,62.56702986563398
1003572284273653706,198.70156626010672
41910320,262.0601676291644
965928937803215004,193.83345881615983
943637181024361388,277.00495679251804
745656095901301335,141.2873494862694
991280551556384499,41.63648556956479
810903797176815984,67.7339798291884
670473869827828379,75.88715828049293
53093394,107.65911811476856
33559534,104.97834648449846
954440146699385093,36.729718212993745
748759884716010160,70.58710533065387
53470203,631.0441575285329
45177174,101.87992425686308
639393583719624089,78.77712753060659
639745550659737701,234.23141344139225
8031382,142.53767086863172
34318581,101.62670223873907
18060003,127.3756967527567
44189377,111.4507592607691
733337042355126980,139.64782167818552
633231151985915385,24.584066527841586
824943279935530367,168.6480222644884
976519894915219656,88.61402506655594
998575092318181185,110.15921835413913
25682427,107.93278227201635
50112403,83.18725781412111
837616683969903901,78.14500005389951
734508343348621586,159.19428376110713
15926884,95.46710137974796
706554215553200354,109.03490632833365
802052397517471268,125.6974255154555
712464927395754607,136.3588343313039
54297424,83.22097379208087
1019571009942741882,48.83082164665382
710783234005514613,152.78638427909289
1010110515597601807,100.34016023960595
558811956702505421,163.98444852658335
979028852250909169,123.35876231862318
564110098285404422,102.49307011584968
41026277,180.91339841527244
1015137878179124649,97.20431553559521
777081569923692574,127.77694331106217
895079045075282991,176.31095230958232
17173015,120.45594096109478
34088913,154.3716714699831
992638241678122602,46.36461187698858
724452312730860957,207.49676424468353
1837153,160.46482533459152
42953341,127.5441683795966
34201647,149.678858733892
44344194,39.3099085449699
39777001,123.25368034902198
753572273135997260,224.22383921184007
25256823,145.1061662064
11697616,89.4545047448523
814188550107137307,48.0463989767729
49994878,737.6502494688522
950231178595795463,154.39046809743988
50473263,90.35524087621496
9645880,158.8114669676814
837659616246978644,109.41646877394946
36537053,35.8113318562482
54040677,58.47262360818697
680306371392534121,65.45421024929253
1034222326634075402,56.04590592549573
902229343656404311,78.59770328486174
893347817779329722,119.10418682657408
950241543888606673,160.62046181814537
818085784484545943,56.88934340519669
20666176,135.87066752075725
49732781,61.50439234521336
35495687,49.3794915340841
47924389,27.463030886385162
1931880,124.08767849343666
35351970,56.391943919845545
986348165875971427,333.96631133602165
963847883346017321,40.60572147386759
725269862815514827,218.5608229913303
887569464410373355,183.69571418468678
880516430162106428,114.20780275705741
982838991729286923,42.730298419408925
34383700,171.20564894664292
49506405,68.59812605137284
30843280,84.6764039761271
53416475,244.32489783341194
43030447,132.88689825576034
14531526,28.07971251629023
1043747635482118338,149.18249537470194
20553228,199.73553373803716
721206461493393880,147.91267255141804
31630602,153.05276983821074
913154613757973777,120.17229605994413
862023955300889411,313.07052427932894
44126327,101.7801986358335
856300834388403026,154.65362264106716
709253996205145218,128.00687956013243
701678386029960660,171.48232165339667
902824722083346695,123.84422634311532
34044886,121.93652575629946
719608622529173448,113.78032589846642
3870522,53.45407898800407
867482915989142375,266.5215087258388
856059776143534166,124.4223380214466
1032006644025767106,828.5567270535782
1023988842821692174,103.26714594887575
1017398420077724160,174.8139951796495
739569040469489456,63.93834145039757
15166761,183.38180404133328
570431731739772437,98.24616172976512
50641075,134.3216452108218
1018165027330070363,169.57316959983993
2730613,70.92861619210962
608103066316430821,78.27610148625274
50526328,127.97768437767927
855178518937083755,43.85899381005718
8273329,185.00184039445563
999184916458037263,45.54632383995256
767226985954458283,52.0181500880068
882375563591071747,85.37390853922459
52504053,139.34204280793028
6472628,30.20835305135109
882484071469594661,198.36304169812064
675971470747654897,431.35343992973094
19728643,73.2510219882848
11457931,39.06715334974234
40991185,358.6958037139719
943711818507563017,105.28412614100995
32896171,73.18763234792513
985505888827984205,67.95379918545467
25940510,37.37012418080351
36912962,45.21222937196432
828567290919810654,49.98117675969163
48627471,380.44382289601435
659114113644213053,47.58780384709258
2874486,72.90572350803112
52739562,40.415513301747325
23233115,150.2784620229674
965189370365713872,113.30971279200611
651488133561343975,136.75747351960698
844341785896722119,23.336259053141482
53488369,111.69975018831994
1024177784854950691,130.30165691181884
12153109,120.93137142947455
30815437,286.1323194199687
914018747047650657,208.13455983594997
958491148202996771,90.12837731510092
914667559734022176,154.15089872863916
889906253034371939,298.2545553022005
1620098,59.38151893916707
10971749,84.51475706284482
38405999,39.93923668013333
51502365,60.70443221570072
663774233450286792,113.5443912602887
50678129,499.1751723546118
894330594462035934,163.89059148265991
1005829412201234186,47.11337707023594
627625502277340745,122.90818572721675
773290379901211109,84.18561823626679
741604241892082874,29.86145205421352
582554540712580074,147.35867783272488
753010229647354821,132.18553691891404
39842395,88.83737934799248
50619453,94.90628754862713
49015878,174.75557785617502
50890121,88.54852483964825
50492306,75.82437679746286
733966407303090422,148.78364795312035
10685564,58.610557877073134
38880514,254.99300975138738
12021281,71.93186461430803
968037086260126472,129.95650476133207
1025227475990806457,309.04678754071
765477129323682949,95.96621333051075
53327385,260.3593410305526
1045186641282805256,166.2625939824006
832777325608001941,83.19340283914688
36835843,588.0251751211987
30539151,26.79335471514438
41308942,604.5914982280385
19158517,21.71955622480746
745901942830422419,269.4213969619755
1015501910732476785,169.18792980864094
45267938,39.05375501788919
52187274,92.15931094213397
1025225326712514603,112.05197657715496
18941958,237.6301896458444
39897784,97.13328819067387
709994867327259008,79.78413623954289
755870898747172601,167.49638723527266
21623896,60.0878401900113
678998149626085566,70.63211198056881
982799645715267248,77.68193572944544
748496008784407503,79.1180280588036
3517984,125.23467944102943
710829994571668284,50.33917857783586
946230712428398668,132.52530326858897
20834078,138.35995116433867
589217190374426243,148.04823836194868
636250064064462881,125.02666254774088
911708707673479585,222.32968960528717
43415181,246.32927193553195
225314,285.43054947016645
871771610794809480,64.89617432663081
829045348499615956,94.40972252425601
664695836871797347,117.3690346490036
1024962757174077406,69.64962482318893
35511310,92.80559893010134
764001442250918816,198.80550905485444
36591524,85.69074079568146
1040795562244421787,25.047429262049718
23782141,66.12709571993202
685578146524543807,169.17149360085185
679039326986747318,124.17948250312169
861062941868470442,135.08956469983087
714550557970047072,130.1277470095585
41081332,43.7678046000304
944808542849171667,100.04725853117878
942277749731948573,120.7990955618758
966119436193034006,29.578247331140954
971012400858373155,203.04851841382757
31834718,143.30354310474678
20985600,114.55063670527134
881956026361535887,154.70881179526415
916058668836854207,69.79065430406881
3953322,58.616260562077585
775182531522241607,72.4319499582772
42414675,158.86146003524033
606779785483426973,115.3178439186924
714617422513825951,108.9188332332323
712446961560328553,68.54421747659939
14115706,122.38323603666598
963133548021652179,238.99511854936176
38131350,177.05816316206818
988618057024421491,170.52339220156216
21175666,86.60554503167828
35256357,117.81726826345758
984022031001990537,69.07956597664568
1008820663253148814,118.95000892686933
868630285947305080,170.20413972739593
46410258,93.97045319052874
507517,199.66011782018373
594773722624434961,80.96460941176498
745908537810678486,81.91014896666759
669850901654310442,136.75587547603186
41642496,138.61550025406825
39872186,222.2800838703511
21922221,220.7798976801386
911684890814516474,166.30452103021156
828359826502562197,221.4160472180982
50916130,173.88353224048734
574699620465952732,31.812456408930267
53852043,87.03275543497789
952834179407110318,45.44330016137099
750116536953210383,162.21991421098213
956366491438988571,145.31601106162194
999302410406719946,29.09100761244632
705707747440509445,114.17802712080486
990517299477295071,116.05152130647917
24689136,68.49837031206904
48983084,172.04363731409322
790707413840697517,117.90406901489563
932552950375092103,289.94122078602953
3696178,117.28234332797156
715340721058978951,64.13107136939826
888628726797097464,82.46400454829374
17170225,138.4602039757233
52628699,185.48814135455535
40936383,109.64410274220708
50724592,31.111932982310723
50197206,223.33733383627956
994223686718670828,35.709794585976915
34195425,216.01982119002685
850861161794906454,132.13671415708833
1039886404582802294,102.08383147636101
755037821878724162,156.58757257944694
746982296201916619,99.79632412295159
53447886,66.23259142686757
730295139231154546,35.48607025728961
8098969,137.42129044222048
586453517796858519,82.3552548580006
745700854921311946,144.8034563579505
831314821531801640,114.851485018794
772497844115621501,132.069019607536
53589089,415.16502976440063
47003330,139.25222051369153
50347450,132.87267381391575
549108611975240743,65.45505373870836
42115574,140.37888793986363
892923767423038392,435.63700389271276
1013254354283979425,134.6255092539656
49888114,132.9973478782464
48467224,165.79267394049793
1026050961538018737,95.96222640014247
51538489,60.3156143956546
782724611815050105,112.42509305225565
47743138,75.89556704695575
17460467,24.59067939845564
45578959,79.8734608797265
12588033,1819.8868945846598
43532857,100.47012561128544
31985965,107.68923910789475
721594156553924755,173.55552725930735
559636213330196068,211.27583322081628
50897462,98.82645578331226
49158897,59.194935051231965
38160411,56.5859808403021
686655613581921299,252.27859309266745
39481496,74.42686219483988
1006364732457000889,55.9088992106414
818812809487227044,628.3272702996013
1032754015527137233,288.442189655048
36095198,138.38938296300233
19947376,66.6794514286571
580550047834328740,230.16520589931574
634236248016719410,51.86998403203679
26843049,130.75489344890755
772898671813364091,54.044381859096816
665142757187534827,137.03102346014876
804698802643794741,82.05017355051216
805185369638493710,305.4094708689463
949894124832886331,22.054263218128714
905053699761073594,62.040703952536774
871907172181842739,79.24136949866725
885843923967649226,188.2011384963134
755749994950695267,137.41122434285344
648538391001763517,161.29013607228742
38814691,155.4466241267187
621089756776231347,100.16134638958572
10071396,127.05568539774221
34902785,125.79051457794475
764669447707306735,61.51730221672906
701986109055506332,132.05276328527938
26783351,112.43562541167167
965967215198005689,173.58878465347019
902103049718395074,58.82030932459278
973172005270457229,56.20640520030017
781027791738193889,24.298864233712553
652314641237026985,162.17514874551853
54003597,54.06002456239329
37091430,96.0944487416181
19862408,73.96981150552183
637197653346993791,65.00664018704289
26500795,63.544459000959456
1024033341148566281,156.41927041795358
51214098,215.8203819787587
17890798,149.58299772762936
564196146416255038,136.1622370909035
52565723,98.09971616410465
842200217049516969,162.2555422239928
724675483669048710,709.7226477877564
34081264,249.69430078628457
54291065,163.2503912182357
14166242,69.00564347659095
888841335195660169,122.41341908597278
821219077403611319,87.11873790892112
40821512,50.734069251280985
48103490,96.77588952615399
38161704,106.15326854106638
1032539371491806476,80.16041387870709
576812476640227625,75.84272122638218
697425620013484316,152.51699396966868
568083908378590579,75.62081234984693
52408276,134.9670068689632
54025437,81.10654155214367
941591484459326907,65.38711384654047
42936764,45.68774729266014
907306273104125830,367.7157550987793
692685186407794031,120.386006894219
708136320791216608,675.3853093820547
850920931817664712,54.95332662865285
646455524586428840,284.728194517077
828252445771384757,131.04368246769263
790680128488448674,78.03497958906291
893507723008542190,142.53300041797178
40312719,108.7172540909775
41976810,124.52758977557599
25364757,76.3570163903259
49733631,571.164428951669
51222496,153.56874375105795
845798863461567579,286.7109671012675
998537233993248035,70.20974139267267
999155473086998835,125.17183837376386
49733339,129.41449077133814
621603555015073089,139.39200876314445
29706400,170.35127462377105
1004902903271501565,145.09323020259905
915858918477670919,129.96238269762773
937629276411292143,164.15585795636088
33421993,245.66862434353396
962361405937693682,113.28892136389814
37300218,167.43421556098855
45000378,77.1717990023192
1013925734385917823,86.44381611218296
51619207,91.98328969559675
624479774992982122,107.51359773273361
584106469967419660,141.15990266453673
40949874,172.52638139082487
986523343182507726,81.35202595734259
932816473330084020,112.48113758278593
776322746144071304,141.63248281483425
45241534,50.172836581366674
25452222,209.171356350395
852921104475212247,102.08922722069026
6528643,141.4057215967995
23549428,81.17484768353796
668317278429919714,122.14129238204514
42566754,131.4663130073273
41552402,54.37880800843638
1005331139897368935,97.26968000199993
46758768,62.11701372559037
694723529328289405,226.7401407629921
806634866320635265,141.38824397976134
33471059,134.75841771554906
905045519490726592,196.22979126044382
21282070,95.38323601827443
997197251059977099,199.2771014817579
1013923839185827043,115.02450437483935
1032058656175109711,97.20431553559521
51797356,301.1916680605144
6374890,91.51593635209402
795680828644603531,111.01090880490284
608252541474551552,86.53309378878308
38377878,230.85870366421315
858774110188496351,60.64496891537565
718288780842318154,78.29741093263405
6673071,89.31099468081926
45956460,871.0841606707913
48247873,316.74524881932916
42962445,92.1809301164838
562395453199176583,107.25835565917916
933970988754637851,90.75809622455621
968967858662637488,60.36943193410036
53541061,106.87701912147242
34601264,247.67563428897967
934631082343014056,153.77801369492354
801512085106777604,35.2072243234701
49912608,121.81170295238381
53061486,244.13701505370366
821140290392861321,133.2710025959614
53714954,108.29760780116598
664564069160624499,91.33845434544814
17465173,159.85317372702633
959002387465778174,146.0401321470186
44375009,85.27094924265127
40978910,145.6440581647613
947581269026310419,258.0571338879016
53531171,95.94316405805786
49872051,213.0114945481124
34750745,48.844338545452935
662945260229777032,254.39867732712662
23768638,46.08585928169128
1004499325647321388,147.3228909955861
604637184512414056,44.987967899813455
48304297,106.33667955427714
2305230,141.93226823246982
9487892,77.49482525804467
724631986961311911,87.47363310101825
939259298328790581,133.0412840996717
49504197,70.8985185293653
6716705,1027.901636755289
554153994786664588,205.884918939358
853599394666049715,47.984250880912185
651319628968279396,86.93822877785529
54156415,277.6090056256401
31329286,137.2127937393724
1018162907374722766,65.20201816772465
748752344921447253,136.59286073973286
46431345,116.27816456237471
876310535557475564,56.89427661266883
38582176,79.79844885377017
829897346331499609,125.04592210478178
43486577,129.29666454900644
586831966551201588,93.51355722751168
19412268,192.03466156775102
762190630064709336,120.01221030041116
619558971946051955,91.2785242705711
729627718138861378,140.16957684883621
33453179,130.99805342174665
18704537,104.1844533449169
601385116912568483,80.88471973748703
951401894915263074,329.1989952634568
649476858911076646,436.8115229689906
620800540630600627,178.51567411989393
902010626468811080,182.29137716493477
854482377609091622,73.69438890355133
813182290198285688,108.128812398546
49568786,169.05583196474467
918954691553284666,118.97947994230424
8780493,41.585078194577065
945662570819270466,33.007276163445766
666672711514359250,114.89095629907199
829051045245683600,143.0460081823352
913496400531498409,116.88482404219586
54167860,141.12695037566968
583397764875300847,147.20245616960366
579107910918953261,88.04240123275662
1039444211933494306,148.8923774476747
50700037,923.4008313299257
49988278,610.985070977207
971193422148968591,124.78519577997704
542067,73.08862084781022
12714714,147.9922841509091
41784722,136.59643445384722
942310135021378723,98.65362712678574
652039003878166759,171.64633055531573
706996622858575642,98.87797964200828
26504307,87.48972630686568
737412541519216538,107.6928121502779
966612462754620263,870.7780805528781
1008831968591715198,46.37177139116567
48271850,220.48937055814503
705781782747338956,142.53118326230964
20360882,118.85272245674835
752947588160350392,123.56326725823585
852421782006728492,209.68402815220387
598413122047211502,167.82302970604601
975177120093570420,139.45244305213663
714911926018490296,47.32143006955936
877657403587993289,100.7558585812945
6528867,100.57734670547694
869593588915028885,133.49244193160723
656667859721501707,139.90347084499163
5117490,305.0753373515504
734035064351747901,130.43030037488265
933355342404502923,407.96528591394934
646247008059024745,70.93691409763372
651565501070072823,198.27352721290495
21547974,108.02130233702235
43662803,40.24367221783121
40530056,29.141405816405257
53470197,141.22685806429854
50632700,212.07899535360218
910897576330216506,130.21429378802173
907337614238361499,161.93530280362393
908824861521419564,118.53846974485197
15132653,95.19492003450321
892117718207837857,38.64093906868887
53475204,143.1489288081276
41900467,49.77922072777384
51198174,223.2315566086824
6528832,176.52153082452233
705398491669442084,69.81659075006851
49914111,785.3946177417496
894774932883016783,84.45344834346925
591475031049104434,86.23443549167375
40940521,42.1799515704947
979678941138946786,63.46094361527182
872583654225293161,55.91948978602277
50758845,103.6615961257921
42588723,29.368343698014254
960158967188957338,136.4889907561531
924203651424238737,151.6107444626499
840887469414002508,26.999126308251856
842816582493215704,117.0867169789365
929220018769945029,92.9053002659381
54165378,115.09518833923924
29991802,86.11490397048176
943480956651590901,116.03314312857266
38556018,58.44069844458243
995709043183056401,122.10601553834312
28108782,32.4344026003501
1039886882043261802,382.544762479674
1037514647272206164,111.97372213803264
1019714586109687014,41.490676222632686
27226695,110.88474312643234
1041613455767769544,165.3705853378141
94450,125.2104212748283
663129806292383761,145.57903640590175
38843384,56.17967183613777
18331520,61.05389651362934
44145458,94.53102760977096
46116148,111.32686772412816
701986904653138052,118.37981740959214
2679456,43.03404984732042
976998614768513719,41.25882853550948
756864129367543529,42.5624495153523
866029242333724276,73.48046237432564
713613816438240685,32.914968035927075
882498249324146262,64.79637378410551
584731448523744002,105.47905544912533
50806225,68.44874670225323
670695401930795029,216.7280827628675
28777485,29.518879364117776
1025568761673204827,90.56103866225179
23146021,53.03271668979504
16143701,155.2660524732533
44665594,74.42505562204401
747134626137040628,60.75966290256006
565284835821130118,507.6449510430723
573186721489825424,87.86355798047659
555148100217828711,113.89963188497865
49647292,72.14945913252478
653065502789340325,129.11867889147206
38090971,33.177973736914325
967317432760609494,45.75069612191108
892253984691342254,31.479060152677437
856369660304815291,143.50998898136436
719593825168502741,51.28728822174772
1022128057485704514,148.11588301424882
626233122712948682,279.62683536636126
863691219097429910,45.97917815998268
972934054476960697,195.62556066114107
589937698151242046,89.50685952900142
627547867125214827,106.89293679682238
1023798778417595484,46.34191526503873
1018545396294431227,50.03903442239808
791098295374217170,341.3630253976852
32245343,153.7923706805788
54025250,62.91387279692329
887951389891106480,128.29562456053708
721068549540836836,235.9940969681311
1032054168511211245,89.01217038786363
1030566484237215824,109.74878472204254
886930474716126651,131.00542642131728
49571413,101.94022137681918
24751573,240.35656729671
641344088809444688,305.8720503230712
27228203,140.38838390854795
819679354816985239,87.02295213016865
53396637,116.95695183630009
41910929,98.90417443695365
950632941606379851,119.84911126318647
625556016732844842,290.25520310678013
36236909,23.578153346890662
38702660,117.40865341901687
589942224820170647,48.08855717214041
618835403431967033,97.22973364572924
1015328862017617281,199.575566356767
932046201339398531,41.94596002687112
1026018819983920640,28.95273268889241
721545377208289150,62.653595686545835
34975034,172.301567394096
48881428,155.46434191845168
961615746450924403,98.45825366821015
13416789,43.65898853718503
7575577,110.48215089181076
27166317,477.2447914713302
917275668634888013,624.2441509012388
42952568,113.1085838988607
645305104897024342,113.13457791003269
718166224884968545,43.473496532774874
734851598384432592,100.09849855780625
913491450647929075,209.07932305999617
797895490484059668,88.61859935987893
987930050369288890,153.21740984109204
882129239375998594,24.667136266512404
40702777,101.89998293755946
41821322,87.59216409241802
41018199,68.41059514003089
864717656930745311,454.49520099482754
966243819258421426,151.74296475633028
887884578137379510,98.1550465806748
625249237072411329,33.80695513551458
53056137,116.05219338672434
913489494952911944,36.64427633737572
675559012224578692,141.97747656132478
991314976848413674,119.5240625695563
13207526,134.29576255385288
49405979,81.47164559211933
1018555821497710714,108.13370551248757
53562198,81.47278858619522
28948015,131.38904371876194
21710408,298.8191320535214
942073556902892311,46.33315474436851
742148621818417986,418.542597454652
48242497,147.93601509736007
48242050,44.10919151302277
878104893587120556,36.524186365739126
1025227575674011084,337.0234884387276
23467251,135.13277161981588
18072628,27.067074543143292
969768212770420822,307.4783198971396
36080732,39.69875397341873
572478943867267168,76.5127996563296
705858558343241323,105.34891524121625
737827317300733485,30.995830221443807
18926227,42.66233091605114
44307585,87.70826036968548
45515581,130.82497708773028
39930665,72.67973716348835
36912569,47.26667770185465
887869567510745634,105.12476081858091
585271531182033477,101.6185812252789
973593687964378809,140.64628829002731
939198536188124764,105.2034255718629
558214751124159866,109.71197825758183
8151461,479.1110003809187
669609685319714177,171.20564894664292
37570453,96.16041025064416
968929104784500862,87.34033971820949
19242207,160.02307586470204
966644008036474930,49.89750854708558
547560305516108938,136.31382907191164
852124385085460400,75.87237221134097
52520901,97.20431553559521
883137402588150429,113.60903256613638
20498813,42.9716329588913
734815762552721189,121.8419465740597
863120,169.45234707100175
52350546,371.0140108948355
30791532,40.197091491782
699415166089140691,55.72363165442103
1032518266884202498,128.62318578958346
10548699,132.779853688568
1019620660679221852,81.07773793655618
893410167893705135,109.64435950938109
1039248907752559339,124.7574158548331
757855631547862796,37.506719228432424
665899022705423412,134.4430028800751
41910293,51.69020018888744
550132775308970520,348.93958195415763
49219176,111.03336589522014
39968049,25.45634151604267
6757098,487.72904579034525
953703924523891702,178.42364387223913
42962600,127.86569506764971
41843189,159.7759855784967
928804582269430267,38.24529928536476
1040970689937650204,733.3176130083531
1025405055119058173,108.43216871858182
1025226766918648390,44.224671817363394
49072979,67.02314751030491
692075993209327711,90.78832941433195
1025226509285940393,41.23303856293515
755760324367659058,107.21324045646068
867393727443549310,131.73506190230287
966987334869907296,275.6393508448371
948807522571127459,221.97916771963764
44203673,134.8389637300975
47862092,191.7717795053835
39789550,92.29308364313653
31651421,249.46803104793645
638186212208469650,83.48348316633948
734910571075793031,214.6885237615257
44433063,41.71127175819499
35377394,77.91394844904741
658904039082440625,423.09161761445364
8272970,131.8147286605758
39604043,115.57171219478397
46883659,76.21524215713069
35731377,303.6047310260304
590769023911548317,101.35939451506427
11256503,33.45741190493366
817416364510656898,155.68971643427102
49375436,180.06076752556206
902142120588141891,114.24356011763162
907438403132923262,136.94638597408348
733987323256372586,173.01399903506262
1020501574851822888,252.3693395788437
35667306,121.36503159261531
52930258,208.96994148703203
32821107,118.80300477213599
51889202,20.695056384972247
996379887273811926,516.2975216527033
48526470,53.739772768969054
39769104,86.8226465214572
1004687888796980192,113.57604431337622
998638669306432558,147.08488800455206
48851043,136.12445468874094
656658446021972219,93.16410557674254
619175940214092009,93.94043749857666
810644580230760321,31.92412178248207
838125655658022105,148.83134882426216
25185122,96.19884479183762
19551521,47.68937025243549
840427868506248683,49.24792464655028
47530764,166.370973167045
755590936219462096,176.70937126179257
25238570,25.515668212405455
51231216,124.17974143931959
39250842,112.0415050950305
1024881744427060152,164.02938130753157
49912690,67.66316012665374
883602864870242954,45.612794548627335
12095628,146.69244825421606
868479328856816706,54.75522297639325
596432749721020740,54.27367965499666
701152608951377256,82.33937271519794
916773154920005655,33.65640789044493
52892301,184.13831410623348
587537582301393587,93.39599361221855
48957294,142.85470847564235
665917549123068457,159.7671168353592
33376719,478.646791501094
906432544264735269,84.44510720144496
925411948808477755,633.6342081299364
748671507545699034,430.7957342109137
717257767258978204,105.96241291380333
53362617,123.01489424135059
24695751,142.1474109898123
1029160229862535511,75.01476371993186
52900675,43.079562240184956
968363327791790435,763.5698462708974
44213095,36.02237086487531
28712532,129.85743878981617
629028544930934083,89.2081930888078
983365330208493298,36.49673921078891
39090243,344.5351189358205
34137266,48.69027379380433
735912665129409829,84.24367793411837
53673379,38.61221138746295
15549085,107.67751809743838
953665326931235956,31.719378647635885
15500042,459.93263851001683
765870413335885635,67.2208442046588
53751055,90.73384464700736
13798441,435.8240414739117
836498950311959624,196.51432424260977
39028448,210.48035006496062
22058333,662.2218018235543
749449055071539252,595.6151694308296
47838496,41.616359856725964
44472881,120.25992835709361
975806375396218857,208.17192438875838
994957664036576476,45.67733153081705
929914,40.61499949718465
52578400,60.78811294216036
936385876337494205,57.886084369900594
955772207116632111,144.96813026140336
982240288045864337,203.9926716581526
779440121397093436,241.1089159637903
47915321,62.02261948500825
959390005223227567,117.7756539761345
29707921,60.44175842177281
34785627,84.28136930567881
28260301,144.137262508125
26638729,106.95744255880246
640360632827167793,65.34276683696936
628435018118317455,78.08611691380447
901373216468992285,136.7914188705822
664580338277962658,166.69216242533403
50441239,44.29681180668893
42704241,37.81859899678696
50308546,165.5201489510428
52308229,272.42348568081906
20679988,192.74065783356514
48112045,142.92906761249776
697634,109.31914646112934
671015054572757157,133.71065896470049
1011737937458714939,35.567548414802154
552947036904987386,140.9044485213575
653812300930948775,21.105898457475877
933997121965792652,156.49596839916774
742513462056502075,30.468142769418872
47741881,1136.4363296060903
777496291747246525,90.54122718918023
6994290,261.00763827536355
52771190,154.29561441189892
683756507859837596,102.64311292051904
52421674,137.3245343622039
21501639,47.20787464195097
885506184654919257,104.83121470808119
907890802430849926,103.61033579484601
39943878,38.83271938085011
29103060,665.218023250463
52611597,98.1754194345249
2396340,137.86052254558768
1040626023343573603,90.00307961459956
1026223132622280042,148.8291503430726
48627682,173.0286357121946
22793106,60.665273231520885
6378085,38.678724226545796
51332463,81.7346713801546
812221846836994999,98.46698579001713
740508688975639404,22.083039360278654
917685628877003189,104.49783658616317
18345004,81.21695911349333
39859340,137.40110578329072
45868710,139.25350259028204
27336178,31.598326955999834
668727164968884050,253.310731325108
836120781617232751,103.64654319021399
1016969733584680650,156.19111641576092
944124263006454777,80.17371068627068
53767408,64.55377442117845
745984908602258238,302.15116085043593
1032061998928973571,113.01797610894494
47537168,114.33097830591251
35346506,203.7506963029316
706088035897468344,413.63354450373294
650160703312946665,88.87988074475612
51910355,105.20453311012325
17438902,222.68594228282765
913041094528056499,152.36707810083726
44163692,75.63079919558143
52466002,197.76945175449495
835066647677257371,1076.1288334889655
43422337,158.28466880521103
47028932,126.98043335481572
6363328,314.051034816445
51431792,60.55364780464705
40925917,25.85320842547103
50260293,192.46919568021997
622337625561636043,35.00788355562514
1004264039219681418,69.71765898966233
51815676,95.54006684578763
1018163973208459432,148.5162791207154
777051892890379932,47.765706086080954
44126353,40.0747862731865
53930197,105.48103577050222
49771548,83.6692974856325
780251823315015012,47.3448503661607
725772837992951461,126.87344107628459
884477088547981850,117.12507552372654
7810030,89.74957879548897
37107960,123.44526129049927
20227969,114.04195422454059
21090640,539.8159244982561
972960141747114131,70.266764147419
893299689639304013,258.44629818509225
580381451516608153,110.24997423095841
46816683,118.4618427066836
902273812442510813,41.271444357899476
871704134665304671,39.52084787304306
985644987503681619,195.8441303792329
15464357,84.01635687110233
1024966392920308033,153.18413446632172
37458664,94.0520766283143
37752023,396.81318624182455
35284235,75.40347175559297
22399540,133.29521651387122
964949640914649520,57.41655833333901
18007859,81.83957860686826
736269020394606618,70.95397914137914
39872019,152.6374162264137
